40235
40236
40237
40238
40240
40241
40242
40243
40244
40245
40247
40248
40250
40252
40256
40259
40261
40263
40264
40265
40267
40270
40271
40274
40275
40276
40277
40280
40282
40283
40284
40286
40288
40289
40290
40291
40292
40294
40295
40296
40298
40300
40303
40304
40306
40307
40308
4031
40310
40311
40312
40313
40314
40315
40318
40319
4032
40320
40321
40323
40324
40325
40326
40329
4033
40330
40332
40333
40336
40338
4034
40342
40343
40344
40345
40348
40349
4035
40350
40351
40352
40354
40355
40356
40357
40359
40361
40362
40363
40364
40365
40366
40367
40368
40369
4037
40370
40371
40372
40373
40375
40376
40377
40378
40379
4038
40380
40381
40383
40384
40385
40386
40387
40389
4039
40390
40391
40393
40394
40395
40396
40397
404
4040
40401
40402
40403
40404
40407
40408
40409
4041
40410
40411
40413
40414
40416
40417
40418
40419
4042
40420
40421
40422
40424
40425
40426
40427
40429
4043
40430
40431
40432
40433
40434
40435
40438
4044
40440
40441
40442
40444
40445
40446
40447
40448
40449
4045
40450
40452
40453
40454
40455
40456
40458
40459
4046
40460
40461
40462
40464
40465
40466
40467
40468
4047
40470
40472
40474
40476
40477
4048
40480
40481
40482
40483
40484
40486
40487
40488
40489
4049
40492
40493
40494
40495
40496
40498
40499
405
40500
40501
40502
40503
40504
40505
40506
40508
40509
4051
40510
40511
40512
40513
40514
40517
40518
40519
4052
40520
40521
40523
40524
40526
40528
40529
4053
40531
40532
40534
40535
40536
40537
40538
4054
40542
40544
40545
40549
4055
40550
40553
40554
40555
40556
40559
4056
40560
40561
40562
40563
40564
40565
40566
40568
40569
4057
40570
40571
40573
40575
40577
40578
40579
4058
40580
40581
40582
40583
40584
40586
40588
40589
4059
40590
40591
40594
40595
40597
406
4060
40600
40601
40602
40603
40604
40605
40607
40609
4061
40610
40613
40615
40616
40619
4062
40620
40621
40623
40625
40626
40628
4063
40630
40631
40632
40633
40634
40635
40636
40637
40638
40639
4064
40640
40641
40642
40643
40644
40645
40646
40648
4065
40650
40652
40655
4066
40660
40663
40664
40666
4067
40671
40677
40679
4068
40684
40687
4069
40697
40698
40699
407
4070
40700
40701
40702
40703
40704
40707
40708
4071
40711
40713
40714
40717
4072
40721
40722
40723
40724
40726
40727
40728
40729
4073
40730
40731
40732
40733
40735
40736
40737
40739
4074
40740
40741
40742
40743
40744
40745
40747
40748
40749
4075
40750
40751
40753
40754
40755
40757
40759
4076
40760
40763
40764
40765
40766
40767
40768
40769
4077
40770
40771
40772
40773
40774
40776
40778
40779
4078
40780
40783
40784
40785
40786
40787
40788
40789
4079
40790
40791
40792
40793
40795
40796
40797
40798
408
4080
40800
40802
40803
40804
40806
40808
40809
4081
40810
40813
40815
40816
40817
4082
40823
40825
40826
40827
4083
40830
40831
40832
40833
40834
40839
4084
40840
40841
40842
40843
40849
4085
40850
40852
40855
40857
40858
40859
4086
40860
40861
40862
40863
40864
40866
40867
40868
4087
40870
40872
40873
40874
40875
40876
40877
40878
40879
4088
40880
40881
40882
40883
40884
40886
40887
40888
4089
40890
40892
40895
40896
40899
409
4090
40902
40903
40904
40905
40906
40907
4091
40911
40912
40914
40917
40918
40919
4092
40920
40921
40922
40923
40924
40927
40928
40929
4093
40931
40932
40933
40935
40937
40939
4094
40941
40943
40945
40946
40948
40949
4095
40950
40952
40953
40955
40956
40958
40959
4096
40961
40964
40965
40966
40967
40968
4097
40970
40973
40975
40976
40978
40979
4098
40981
40983
40986
40987
40989
4099
40990
40994
40995
40996
40997
41
410
4100
41000
41001
41003
41004
41005
41006
41007
41009
4101
41010
41011
41012
41013
41014
41015
41016
41017
41018
4102
41020
41021
41022
41023
41025
41026
41028
41029
41030
41031
41032
41033
41036
41037
41038
41039
4104
41040
41041
41043
41044
41045
41046
41047
41048
41049
4105
41050
41051
41052
41054
41056
41057
41058
41059
4106
41060
41061
41062
41063
41065
41068
4107
41071
41072
41073
41074
41075
41076
41077
41078
41080
41081
41084
41085
41088
4109
41091
41093
41095
41096
41097
41098
41099
411
4110
41100
41101
41102
41103
41104
41106
41107
4111
41110
41111
41113
41114
41115
41116
41117
41118
4112
41120
41121
41122
41123
41124
41125
41126
41127
41128
4113
41131
41132
41133
41135
41136
41137
41139
4114
41140
41141
41142
41143
41144
41145
41146
41147
41148
41149
4115
41150
41151
41153
41154
41156
4116
41160
41162
41166
41167
41168
41169
4117
41170
41171
41172
41173
41174
41176
41177
41179
4118
41180
41181
41182
41184
41187
4119
41194
41195
41196
41197
41199
412
4120
41201
41202
41203
41204
41207
41208
41209
4121
41210
41211
41212
41219
4122
41220
41221
41222
41223
41224
41225
41226
41227
41228
41229
4123
41230
41231
41233
41234
41235
41237
41240
41242
41243
41244
41245
41246
41247
41248
41249
41250
41251
41252
41255
41256
41258
41259
41261
41262
41263
41265
41266
41267
41268
41269
41270
41271
41272
41273
41274
41275
41276
41277
41278
41279
41281
41283
41284
41285
41286
41287
41288
41289
4129
41290
41291
41293
41294
41295
41296
41297
41298
41299
413
4130
41300
41301
41302
41304
41305
41306
41308
41309
4131
41311
41312
41313
41314
41315
41316
41317
41318
41319
4132
41320
41322
41323
41324
41325
41326
41327
41328
41329
4133
41330
41331
41332
41333
41334
41335
41336
41337
41338
4134
41342
41344
41346
41347
41348
41349
4135
41350
41351
41352
41353
41354
41359
4136
41361
41362
41363
41365
41366
41368
41369
41370
41371
41372
41373
41374
41375
41376
41377
41378
41379
4138
41383
41384
41385
41386
41387
41388
4139
41391
414
4140
41400
41401
41402
41403
41404
41406
41407
41408
41409
4141
41413
41414
41415
41416
41417
41418
4142
41420
41421
41422
41423
41424
41426
41427
41428
4143
41430
41431
41432
41433
41434
41435
41436
41437
41438
4144
41440
41442
41447
4145
41454
41457
41459
4146
41466
4147
41470
41473
41476
41479
4148
41485
41487
4149
415
4150
41501
41503
4151
41515
41516
41519
4152
41522
41526
4153
41531
41532
41533
41536
4154
41544
41545
41548
4155
41551
41552
41554
41556
4156
41561
41563
41564
41566
41567
4157
41570
41573
41574
41576
4158
41585
41586
41587
41588
41589
4159
41590
41591
41592
41593
41594
41598
416
4160
41600
41603
41604
41605
41607
41608
41609
4161
41611
41612
41615
41616
4162
41623
41628
4163
41632
41636
41638
4164
41640
41641
41646
41647
41649
4165
41650
41653
41654
41659
4166
41660
41663
41665
41666
41667
41669
41671
41672
41673
41674
41675
41677
41678
41679
4168
41680
41681
41682
41683
41684
41685
41687
41688
4169
41690
41691
41693
41694
41695
41696
41697
41699
417
4170
41701
41703
41705
41706
41707
41708
4171
41712
41714
41718
41719
4172
41720
41723
41724
41725
41726
4173
41739
4174
41740
41741
41742
41745
41746
41747
4175
41751
41752
41754
41756
41757
41759
4176
41760
41762
41764
41765
41767
41768
41769
4177
41771
41773
41774
41775
41777
41778
41779
41780
41781
41783
41784
41785
41786
41787
41789
4179
41791
41792
41793
41794
41798
41799
418
4180
41802
41804
41805
41806
41810
41818
4182
41820
41821
41824
41826
41827
4183
41838
4184
41840
41842
4185
41852
41854
41855
4186
41861
41866
41869
4187
41873
41874
41875
41877
41878
4188
41880
41881
41882
41883
41884
41885
41886
41887
41888
41889
4189
41891
41892
41893
41894
41895
41897
41898
41899
419
4190
41900
41901
41902
41903
41904
41905
41906
41908
41909
4191
41910
41911
41912
41913
41915
41917
41918
41919
4192
41920
41921
41922
41923
41924
41926
41927
41928
41929
4193
41930
41933
41934
41935
41936
41937
41939
4194
41940
41941
41943
41944
41947
41948
41949
4195
41950
41953
41954
41955
41956
41959
4196
41961
41962
41964
41965
41966
41967
41968
4197
41971
41972
41974
41977
41978
4198
41983
41984
41985
41986
41989
4199
41992
41995
41996
41997
41998
42
420
4200
42001
42002
42003
42007
42008
42009
4201
42010
42013
42014
42015
42017
42018
4202
42020
42021
42022
42024
42025
42026
42028
42029
4203
42030
42031
42032
42033
42034
42035
42038
4204
42040
42041
42046
42047
42048
42049
4205
42051
42052
42053
42054
42055
42056
42057
42058
4206
42060
42061
42063
42065
42066
42069
4207
42070
42071
42072
42073
42075
42076
42078
4208
42080
42081
42082
42083
42084
42087
42088
42089
4209
42090
42092
421
42101
42102
42103
42107
4211
42111
42112
42113
4212
42125
42126
4213
42133
4214
42140
42144
42145
42146
42147
42148
4215
42150
42155
42156
4216
42161
42164
42165
42166
42167
4217
42171
42176
4218
42180
42182
42183
4219
42190
42191
42192
422
4220
42204
42208
4221
42211
42214
42215
42218
42219
4222
42224
42225
42227
4223
42230
42233
42234
42235
42237
42238
42239
4224
42240
42241
42242
42243
42246
42249
4225
42253
42255
42256
42257
42259
4226
42260
42262
42263
42264
42265
42266
42268
42269
4227
42270
42272
42274
42276
42277
42278
42279
4228
42280
42281
42282
42286
42289
4229
42290
42296
42298
423
4230
42302
42303
42306
42307
42308
4231
42311
42312
42314
42315
42317
42319
4232
42321
42322
42325
42327
42328
4233
42330
42333
42336
42337
42339
4234
42340
42341
42342
42343
42345
42346
42347
42348
42349
4235
42350
42352
42353
42354
42355
42357
42359
4236
42362
42365
42366
42367
42369
4237
42370
42371
42372
42374
42375
42376
42377
4238
42381
42382
4239
42393
42394
42398
42399
4240
42406
4241
42411
4242
42424
42425
42427
4243
42432
42433
42434
42435
4244
42440
42448
42449
4245
42450
42451
42452
42453
42454
42455
42456
42457
42458
42459
4246
42460
42461
42462
42463
42464
42465
42466
42467
42468
42469
4247
42470
42471
42472
42473
42476
42479
4248
42480
42483
42484
42486
42487
42488
42489
4249
42490
42492
42493
42494
42495
42496
42497
42499
425
4250
42500
42501
42502
42503
42504
42505
42506
42507
42508
4251
42510
42511
42512
42513
42515
42516
42518
42519
4252
42520
42521
42523
42524
42525
42526
42527
42529
4253
42530
42531
42532
42533
42534
42535
42536
42537
42538
42539
4254
42541
42542
42544
42545
42546
42547
42548
4255
42550
42553
42556
42557
4256
42560
42561
42562
42563
42564
42565
42566
42567
42568
42569
4257
42570
42571
42572
42573
42574
42575
42576
42577
42578
42579
4258
42581
42582
42583
42584
42586
42587
42589
4259
42590
42592
42593
42594
42595
42596
42597
42598
426
4260
42600
42601
42602
42603
42604
42605
42606
42609
4261
42610
42612
42613
42615
42617
42619
4262
42621
42622
42624
42625
42626
42627
42629
4263
42632
42633
42634
42637
42639
4264
42642
42643
42644
42645
42646
42647
42648
42649
4265
42651
42654
4266
42661
42662
42665
42666
42667
42668
42669
4267
42673
42674
42676
42677
42679
4268
42680
42681
42684
42685
42686
42687
42688
42689
4269
42690
42691
42696
42699
427
4270
42700
42703
42706
42707
4271
42710
42711
42712
42715
42716
42717
42719
4272
42722
42724
42726
42727
42728
4273
42732
42733
42736
42738
4274
42743
42744
42745
42747
4275
42750
42752
42753
42754
42755
42759
4276
42762
42763
42764
42765
42766
42769
4277
42770
42772
42774
42775
42776
42778
4278
42781
42785
42786
4279
42790
42793
42794
42796
42799
428
4280
42800
42803
42804
42807
42809
4281
4282
42823
4283
42831
42832
42834
4284
42842
42843
42845
42847
42848
42849
4285
42850
42854
42855
42859
42860
42861
42866
4287
42876
4288
42881
42882
42883
42884
42885
42886
4289
42890
42896
42897
42898
429
4290
42903
42907
42908
42909
4291
42910
42915
42919
4292
42921
42923
4293
42933
42934
4294
42942
4295
42951
42952
42953
42954
42957
42958
42959
4296
42960
42963
42964
42966
42968
42969
4297
42970
42971
42972
42974
42975
42976
42977
42978
4298
42982
42983
42984
42986
42987
42988
42989
4299
42990
42992
42993
42994
42995
42996
42997
42998
43
430
4300
43000
43001
43002
43004
43006
43007
43008
43009
4301
43010
43011
43013
43015
43018
43019
4302
43021
43022
43023
43024
43025
4303
43030
43031
43032
43036
4304
43041
43046
4305
43052
43053
43054
43055
4306
43060
43061
43062
43063
43066
43069
4307
43072
43075
43077
43078
43079
4308
43081
43084
43087
4309
43092
43093
43097
431
4310
43100
43102
43104
43105
43106
43108
43109
4311
43110
43111
43112
43115
43116
43118
43119
4312
43121
43122
43123
43124
43125
43127
43128
43129
4313
43130
43131
43132
43133
43134
43135
43136
43137
43139
4314
43140
43141
43142
43143
43145
43146
43147
43148
43149
4315
43150
43151
43152
43153
43154
43155
43157
43158
43159
4316
43160
43161
43162
43163
43164
43165
43166
43167
43168
43169
4317
43170
43173
43174
43175
43176
43177
43179
4318
43180
43181
43182
43183
43185
43187
43188
4319
43190
43193
43195
43196
43198
43199
432
4320
43201
43202
43205
43206
43207
43208
43209
4321
43211
43212
43215
43216
43217
43218
43219
4322
43220
43222
43223
43224
43225
43227
43228
43229
4323
43230
43231
43232
43233
43234
43236
43237
43238
4324
43240
43242
43248
4325
43252
43253
43254
43255
43257
43258
43259
4326
43260
43261
43262
43264
43265
43267
43268
4327
43270
43274
43275
43276
43278
4328
43281
43283
43284
43285
43286
4329
43291
43295
43296
43297
43298
43299
433
4330
43300
43302
43303
43307
43308
43309
4331
43310
43311
43312
43313
43314
43318
4332
43320
43322
43323
43324
43325#1
43326
43328
43329
4333
43330
43331
43332
43334
43335
43336
43337
43338
4334
43340
43341
43342
43343
43344
43347
43348
43349
4335
43350
43352
43353
43355
43359
4336
43360
43361
43362
43363
43365
43367
43368
43369
4337
43370
43371
43372
43373
43374
43375
43376
43377
43378
43379
4338
43380
43382
43383
43385
43386
4339
43390
43391
43392
43393
43394
43395
43396
43398
434
4340
43400
43402
43404
43405
43407
43408
43409
4341
43410
43411
43414
43415
43416
43417
43418
43419
4342
43420
43421
43422
43423
43424
43425
43426
43427
43428
43429
4343
43430
43432
43433
43434
43435
43436
43437
43438
43439
4344
43442
43443
43445
43446
4345
43450
43451
43455
43456
43458
4346
43461
43467
43468
4347
43470
43472
43473
43476
43477
4348
43482
43483
43488
43489
4349
43490
43491
43495
43496
43498
43499
435
43501
43502
43509
4351
43512
43519
4352
43520
43521
43522
43524
43525
43526
43527
43529
4353
43530
43531
43532
43533
43534
43535
43536
43537
43538
43539
4354
43540
43541
43542
43543
43545
43547
43549
4355
43550
43551
43553
43555
43556
43557
43558
43559
4356
43561
43562
43563
43565
43567
43568
43569
43570
43571
43573
43575
43576
43577
43578
43579
43581
43582
43583
43584
43585
43587
4359
43590
43592
43593
43595
43596
43599
436
4360
43600
43602
43603
43606
43608
43609
4361
43611
43612
43614
43617
43618
4362
43620
43622
43623
43626
43629
4363
43631
43632
43633
43634
43635
43636
43637
4364
43641
43642
43643
43647
43648
43649
4365
43654
43655
43656
43657
43659
4366
43660
43661
43662
43663
43666
43667
43668
4367
43673
4368
43685
43686
43689
4369
43693
43694
437
4370
43702
43705
43708
4371
43711
43712
43719
4372
43720
43721
43722
43725
43727
4373
43735
4374
43741
43744
43746
43747
43748
43749
4375
43751
43752
43753
43754
43755
43757
43758
4376
43760
43762
43764
43765
43767
43768
43769
4377
43772
43773
43774
43775
43777
43779
4378
43781
43783
43784
43785
43786
43787
4379
43790
43791
43792
43793
43795
43797
43798
43799
438
4380
43804
43805
43806
43807
43808
4381
43811
43813
43815
43816
43817
43818
4382
43820
43821
43823
43824
43825
43826
43827
43829
4383
43830
43831
43832
43833
43834
43836
43837
4384
43840
43842
43843
43845
43846
43849
4385
43854
43855
43856
43859
4386
43860
43861
43862
43863
43865
43866
43867
43868
43869
43870
43871
43872
43873
43874
43875
43877
43878
43879
4388
43880
43881
43882
43883
43884
43885
43888
43889
4389
43890
43894
43895
43896
43898
439
4390
43902
43904
43905
43906
43907
43908
43909
4391
43910
43911
43912
43913
43915
43917
43918
43919
4392
43921
43923
43925
43926
43929
4393
43931
43935
43936
43937
43938
4394
43941
43942
43943
43944
43945
43946
43948
43949
4395
43950
43951
43952
43954
43955
43956
43958
4396
43960
43961
43962
43963
43964
43965
43966
43967
4397
43970
43971
43972
43974
43976
43977
43978
4398
43980
43982
43983
43984
43986
43987
43989
4399
43991
43993
43995
43997
43998
43999
44
440
4400
44000
44001
44003
44004
44005
44007
44008
44009
4401
44011
44013
44015
44016
44018
44019
4402
44020
44021
44022
44023
44024
44025
44026
44027
44032
44033
44034
44035
44037
44038
4404
44040
44041
44043
44044
44045
4405
44051
44052
44053
44054
44055
44056
4406
44061
44062
44063
44065
44066
44067
44068
44069
4407
44070
44072
44073
44074
44075
4408
44082
44086
44087
44088
44089
4409
44090
44091
44092
44093
44094
44095
44098
44099
441
4410
44100
44101
44102
44104
44105
44106
44107
4411
44110
44112
44114
44115
44116
44118
44119
4412
44120
44122
44124
44126
4413
44131
44132
44134
44136
44137
44138
44139
4414
44140
44144
44146
44148
4415
44152
44155
44156
44157
44158
4416
44162
44163
44165
44166
4417
44174
44176
44177
44179
4418
44183
44187
44188
44189
4419
44190
44192
44193
44194
44195
44199
442
4420
44200
44201
44202
44204
44206
44207
44208
4421
44211
44212
44214
44215
44216
44217
44218
4422
44220
44221
44222
44223
44224
44226
44227
44228
44229
4423
44230
44231
44233
44234
44235
44236
44238
4424
44241
44242
44244
44246
44247
44248
4425
44252
44253
44254
44255
44257
44258
4426
44260
44263
44264
44265
44266
44269
4427
44271
44277
44279
4428
44280
44281
44285
44286
44287
44288
4429
44294
44295
44296
44297
44298
443
4430
44301
44302
44304
44305
44308
44309
4431
44310
44311
44312
44314
44316
44319
4432
44320
44321
44324
44326
44327
4433
44332
44333
44334
4434
44342
44344
44345
44348
4435
44352
44353
44356
44357
44358
4436
44362
44363
44369
4437
44376
44378
44382
44385
44389
4439
44392
44393
44397
444
4440
44400
44402
44403
44407
44408
44409
4441
44411
44412
44414
44415
44416
44417
44418
44419
4442
44420
44422
44423
44425
44426
44427
44428
44429
4443
44430
44432
44434
44438
44439
4444
44440
44442
44443
44445
44446
44447
44448
44449
4445
44450
44451
44454
44455
44456
44458
44459
4446
44461
44462
44463
44468
4447
44473
44475
44477
44478
44479
4448
44480
44481
44484
44486
4449
44491
44492
44493
44494
44497
44498
445
4450
44501
44503
44506
44508
44509
4451
44511
44512
44513
44514
44515
44516
44517
44518
44519
4452
44521
44522
44523
44524
44525
44526
44527
44528
44529
4453
44530
44531
44532
44533
44535
44536
44539
4454
44540
44542
44544
44545
44546
44548
4455
44551
44552
44554
44557
44558
44559
44560
44562
44565
44566
44567
44569
4457
44571
44574
44575
44577
44579
4458
44580
44581
44583
44589
4459
44590
44593
44595
44596
44598
44599
446
4460
44601
44603
44604
44605
44606
44607
44608
44609
4461
44610
44611
44613
44614
44615
44616
44617
44619
4462
44620
44621
44623
44624
44625
44627
44629
4463
44630
44633
44634
44635
44636
44639
4464
44640
44642
4465
44650
44653
4466
44662
44665
44668
4467
44671
44672
44677
44678
4468
44684
44686
44688
44689
4469
44692
44695
447
4470
44703
44708
4471
44710
44711
44713
44716
44719
4472
44723
44724
44725
44726
44727
44729
4473
44730
44733
4474
44742
44743
44745
44746
44749
4475
44753
44754
44755
44756
44757
44758
44759
4476
44760
44761
44762
44763
44764
44765
44766
44767
44768
44769
4477
44770
44771
44772
44774
44775
44776
44777
44778
4478
44781
44782
44783
44785
44787
44788
44789
4479
44790
44791
44792
44793
44794
44795
44796
44797
44798
44799
448
4480
44801
44802
44803
44804
44805
44806
44807
44809
4481
44810
44811
44812
44813
44814
44815
44816
44817
44818
44819
4482
44822
44823
44824
44826
44827
4483
44831
44833
44834
44835
44836
44837
44838
4484
44840
44842
44843
44845
44848
44849
4485
44851
44852
44853
44854
44856
44857
4486
44860
44861
44862
44863
44868
44869
4487
44873
44874
44875
44877
44878
44879
4488
44880
44881
44882
44884
44885
44886
44887
44888
44889
4489
44890
44891
44892
44893
44899
4490
44901
44902
44903
44908
44909
4491
44913
4492
44925
44929
4493
44932
44934
44936
44938
44939
4494
44941
44942
44943
44945
44946
4495
44950
44957
44958
4496
44961
44962
44967
44969
4497
44970
44971
44973
44976
44977
44979
4498
44981
44983
44985
44986
44989
4499
44990
44991
44993
44994
44995
44996
44997
44999
45
450
4500
45000
45003
45005
45006
45007
45008
45009
4501
45010
45012
45016
45017
45018
4502
45020
45022
45023
45024
45025
45026
45027
45028
45029
4503
45030
45031
45033
45035
45037
45038
45039
4504
45041
45042
45043
45046
45047
45048
45049
4505
45050
45051
45052
45053
45054
45055
45057
4506
45060
45062
45063
45064
45065
45067
45068
45069
4507
45076
45077
4508
45082
45087
45089
4509
45092
45093
45094
45096
45097
45098
45099
451
4510
45101
45102
45103
45104
45105
45106
45107
45108
45109
4511
45110
45112
45113
45114
45115
45116
45117
45119
4512
45120
45121
45122
45123
45124
45125
45126
45127
45128
45129
4513
45130
45132
45133
45134
45135
45136
45137
4514
45140
45141
45144
45147
4515
45154
45156
45159
4516
45160
45162
45165
45166
45167
45168
45169
4517
45170
45171
45172
45174
45175
45177
45178
45183
45184
45185
45186
45188
4519
45190
45192
45194
45195
45198
4520
45201
45202
45203
45204
45205
45206
45208
45209
4521
45210
45211
45212
45213
45214
45215
45216
45217
45219
45220
45221
45222
45223
45224
45225
45226
45228
4523
45230
45231
45233
45234
45235
45236
45237
4524
45241
45246
45247
45248
45253
45254
45255
45256
45258
45259
4526
45261
45262
45263
45264
45267
45268
45269
4527
45270
45271
45272
45273
45274
45275
45276
45277
45278
45279
4528
45280
45281
45282
45283
45284
45285
45286
45287
45288
45289
4529
45290
45291
45292
45293
45294
45295
45296
45297
45298
45299
453
4530
45300
45301
45302
45304
45305
45306
45307
45308
45309
4531
45310
45311
45312
45313
4532
45325
45326
45327
45328
45329
4533
45330
45331
45332
45333
45334
45335
45336
45337
45338
45339
4534
45340
45341
45343
45344
45345
45346
45347
45348
45349
4535
45350
45353
45355
45357
45359
4536
45361
45362
45365
45366
45368
45369
4537
45372
45373
45374
45379
4538
45380
45381
45383
45384
45385
45386
45387
4539
45390
45391
45392
45395
45396
45397
45398
454
4540
45402
45404
4541
45410
45411
45412
4542
45420
45422
45423
45424
45425
45427
45428
45429
45430
45432
45438
45439
4544
45441
45443
45445
4545
45451
4546
45461
45463
45466
45468
4547
45471
45473
45474
45475
45476
45477
45478
45479
4548
45480
45481
45482
45483
45484
45485
45486
45487
45488
45489
4549
45490
45491
45492
45493
45494
45495
45496
45498
45499
455
45501
45502
45503
45504
45505
45506
45508
45509
4551
45510
45511
45512
45513
45515
45516
45517
45518
45519
4552
45520
45521
45522
45523
45524
45525
45526
45527
45528
45529
4553
45530
45532
45533
45534
45535
45536
45537
45538
45539
4554
45540
45541
45544
45546
45547
45548
45549
4555
45551
45552
45553
45554
45555
45556
45557
45558
45559
4556
45561
45562
45564
45565
45566
45567
4557
45570
45571
45572
45573
45574
45575
45576
45578
45579
4558
45580
45581
45583
45584
45585
45586
45587
45589
4559
45591
45592
45593
45595
45596
45597
45598
45599
456
4560
45601
45602
45603
45604
45605
45607
45608
45609
4561
45610
45611
45612
45614
45615
45616
45617
45618
45619
4562
45621
45622
45623
45624
45625
45626
45627
45629
4563
45632
45633
45634
45635
45636
45637
45639
4564
45640
45641
45642
45643
45644
45645
45646
45649
4565
45650
45651
45652
45653
45654
4566
45660
45661
45662
4567
45670
45671
45672
45675
45676
45679
4568
45684
45685
45686
45687
45688
45689
45690
45691
45692
45694
45695
45696
45697
45698
457
4570
45702
45704
45706
45708
45709
4571
45710
45712
45714
45715
45716
45718
4572
45721
45722
45724
45725
45726
45727
45728
4573
45730
45731
45733
45734
45736
45737
45738
4574
45743
45744
45745
45746
45748
45749
4575
45750
45752
45755
45756
45757
45758
45759
4576
45760
45765
45766
45767
45768
45769
4577
45772
45773
45774
45775
45776
45777
45779
4578
45780
45781
45782
45784
45785
45786
4579
45790
45791
45792
45793
45794
45795
45796
45798
458
4580
45800
45801
45802
45803
45804
45806
4581
45810
45811
45813
45816
45818
4582
45820
45821
45827
45829
4583
45833
45834
45835
45838
45839
4584
45840
45843
45844
45845
45846
45848
45849
4585
45850
45851
45852
45854
45855
45857
45858
4586
45860
45863
45866
45867
45868
45869
4587
45872
45875
4588
45881
45885
45886
45887
45889
4589
45893
45894
45896
45897
45898
459
4590
45900
45902
45903
45907
45909
4591
45910
45913
45914
45915
45918
45921
45922
45924
45925
45926
45928
45929
45930
45932
45934
45935
45936
45937
45938
4594
45940
45942
45943
45944
45946
45947
45948
45949
4595
45950
45951
45952
45953
45954
45955
45956
45957
45958
45959
45960
45961
45962
45963
45964
45965
45969
4597
45970
45971
45972
45973
45976
4598
45980
45981
45982
45983
45984
45986
45987
45988
45989
4599
45991
45995
45996
45997
46
460
4600
46000
46003
46005
46006
46009
4601
46011
46012
46013
46014
46015
46016
46018
46019
4602
46021
46023
46025
46026
46027
46028
4603
46033
46034
46036
46038
46039
4604
46040
46041
46042
46043
46044
46046
46047
46048
4605
46052
46053
46054
46055
46056
46057
46059
4606
46060
46061
46065
46066
46067
4607
46070
46072
46073
46076
46079
4608
46080
46082
46083
46084
46085
46086
46088
46089
4609
46090
46091
46094
46095
46096
46097
46098
46099
461
4610
46100
46101
46102
46105
46106
46107
46109
4611
46112
46114
46115
46118
46119
4612
46128
4613
4614
46141
46145
4615
46152
46153
46154
46156
46158
4616
46166
4617
46176
46178
46179
4618
46187
4619
46193
46195
46196
46197
46199
462
4620
46201
46204
46205
46207
46208
46209
4621
46212
46213
46214
46215
46216
46217
46218
46219
4622
46221
46222
46223
46224
46225
46227
46228
4623
46230
46231
46232
46234
46235
46236
46237
46238
46239
4624
46240
46241
46242
46243
46244
46245
46246
46247
46248
4625
46250
46251
46252
46255
46256
46258
4626
46261
46263
4627
46273
46275
46278
46279
4628
46281
46282
46288
46289
4629
46290
46293
46298
46299
463
4630
46300
46301
46302
46304
46305
46307
46308
4631
46310
46311
46313
46317
4632
46323
46324
46325
46328
4633
46331
46332
46333
46335
46337
46339
4634
46340
46342
46348
4635
46352
46354
46355
46356
46357
46359
4636
46361
46362
46363
46364
46367
46369
4637
46370
46371
46374
46375
46376
46377
46379
4638
46380
46382
46383
46385
46386
46387
46388
4639
46392
46396
46399
464
4640
46400
46402
46403
46406
46407
46408
46409
4641
46410
46411
46413
46414
46415
46416
46417
46418
46419
4642
46421
46424
46425
46427
46428
46429
4643
46430
46433
46434
46435
46436
46437
46438
46439
4644
46440
46441
46443
46444
46445
46447
46448
46449
4645
46451
46454
46455
46456
46457
46459
4646
46461
46463
46464
46465
46466
46467
46469
4647
46470
46471
46475
46476
46477
46479
4648
46480
46481
46483
46485
46487
46488
46489
4649
46490
46492
46495
46499
465
4650
46500
46501
46503
46504
46506
4651
46510
46512
46513
46514
46517
46519
4652
46520
46522
46523
46524
46525
46529
4653
46530
46533
46534
46535
46536
46537
46539
4654
46540
46541
46543
46544
46546
46549
4655
46550
46551
46552
46554
46556
46557
46559
4656
46560
46566
46568
46569
4657
46571
46575
46576
46579
4658
46580
46581
46585
46586
46587
46588
46589
4659
46592
46593
46595
46598
46599
466
4660
46601
46603
46604
46605
46606
46608
46609
4661
46612
46615
46617
46619
4662
46620
46624
46626
4663
46638
4664
46641
4665
46653
46655
46656
46657
4666
46661
46663
46669
4667
46672
46675
46678
46679
4668
46680
46681
46687
46688
46689
4669
467
4670
46704
46706
46707
46708
4671
46718
46719
4672
46725
46727
4673
46738
4674
46745
46746
46747
4675
46755
4676
46761
46762
46766
46767
4677
46772
46773
4678
46785
46787
46788
46789
4679
46794
46798
4680
46801
46804
46805
46806
46809
4681
4682
46826
4683
46832
46838
4684
46841
46842
46844
46845
46846
46847
46848
46849
46850
46852
46854
46856
46859
4686
46860
46862
46863
46866
46867
46868
46869
4687
46870
46871
46872
46874
46875
46877
46878
4688
46880
46883
46887
46888
4689
46893
46894
46895
46898
46899
469
4690
46900
46901
46904
46905
46906
46907
46908
4691
46910
46913
46914
4692
46924
46928
4693
46931
46939
4694
46944
4695
46950
46951
46953
46954
46956
46957
46958
4696
46961
46962
4697
46977
4698
46980
46981
46983
46984
46985
46986
46987
46988
4699
46990
46992
46996
46998
47
470
4700
47000
47001
47002
47004
47006
4701
47010
47011
47012
47014
47016
47017
47019
4702
47020
47023
47025
47026
47028
4703
47030
47031
47032
47034
47036
47037
47038
47039
4704
47040
47041
47043
47044
47045
47047
47049
4705
47052
47054
47055
47058
47059
4706
47060
47061
47062
47063
47064
47066
47067
47069
4707
47070
47072
47073
47075
47078
4708
47081
47084
47085
47087
4709
47090
47091
47093
47097
47099
4710
47101
47103
47105
47106
47108
47109
4711
47111
47112
47113
47114
47118
47119
4712
47121
47122
47124
47125
47128
4713
47130
47131
47132
47133
47135
47136
47137
47138
4714
47140
47141
47142
47143
47145
47146
47148
4715
47152
47153
47154
47156
47157
47158
47159
4716
47160
47161
47162
47163
47164
47165
47167
47169
4717
47170
47171
47174
47175
47176
4718
47180
47181
47182
47183
47186
47187
47188
47189
4719
47190
47192
47193
47194
47199
472
4720
47200
47202
47205
47206
4721
47210
47211
47212
47213
47214
47216
47217
47218
47219
4722
47222
47224
47225
47226
47227
47228
47229
4723
47231
47232
47233
47237
47238
47239
4724
47240
47242
47244
47248
47249
4725
47251
47252
47254
47256
47257
4726
47261
47262
47263
47264
47266
47267
47268
47269
4727
47270
47272
47273
47274
47277
47279
4728
47282
47285
4729
47290
47292
47293
47294
473
4730
47300
47301
47302
47306
47307
47308
4731
47310
47311
47312
47313
47314
47316
47317
47319
4732
47320
47323
47324
47325
47326
47327
47328
4733
47330
47331
47332
47333
47334
47335
47337
47338
47339
4734
47340
47341
47343
47344
47345
47346
4735
47351
47353
47354
47355
47357
47358
4736
47363
4737
47370
47371
47372
47374
47375
47378
47379
4738
47380
47382
47383
47384
47386
47387
47388
47389
4739
47390
47391
47392
47393
47395
47396
47399
474
4740
47400
47401
47403
47405
47406
47407
47408
47409
4741
47410
47411
47412
47413
47414
47415
47418
47419
4742
47420
47421
47423
47424
47425
47426
47427
47428
47429
4743
47430
47431
47432
47433
47434
47435
47436
47437
47438
47439
4744
47440
47441
47442
47443
47444
47446
47447
4745
47451
47453
47454
47455
47456
47457
47459
47460
47461
47462
47467
47468
47469
4747
47470
47471
47472
47473
47474
47476
47478
47479
4748
47482
47483
47484
47487
47488
4749
47490
47496
47497
47498
47499
475
4750
47501
47503
47504
47505
47506
47507
47509
4751
47510
47511
47512
47513
47514
47515
47516
47517
47518
47519
4752
47521
47522
47524
47525
47527
47528
4753
47532
47534
47536
47537
47538
47539
4754
47540
47542
47543
47544
47546
47547
47548
47549
4755
47550
47551
47552
47553
47554
47555
47556
47557
47558
47559
4756
47561
47562
47564
47565
47566
47568
47569
4757
47572
47574
47575
47577
47579
4758
47581
47582
47585
47588
4759
47590
47592
47596
47598
47599
476
4760
47602
47603
47604
47606
47607
47609
4761
47611
47614
47615
47618
47619
4762
47621
47623
47625
47627
4763
47630
47634
47635
47636
47637
47638
47639
4764
47640
47641
47642
47643
47644
47645
47646
47647
47648
47649
4765
47650
47651
47652
47654
47655
47656
47657
47658
47659
4766
47661
47662
47663
47664
47666
47667
47668
47669
4767
47670
47671
47672
47674
47675
47676
47679
4768
47680
47681
47682
47683
47685
47687
47689
4769
47690
47693
47694
47695
47696
47697
47698
47699
477
4770
47700
47701
47702
47703
47704
47705
47708
4771
47710
47711
47712
47713
47715
47717
47718
47719
4772
47720
47721
47722
47724
47725
47726
47727
47728
4773
47730
47731
47732
47733
47734
47735
47736
4774
47740
47741
47742
47743
47744
47745
47746
47747
47749
4775
47753
47754
47755
47756
4776
47760
47762
47766
47767
47768
47769
4777
47770
47773
47774
47775
47776
47777
47778
47779
4778
47780
47781
47782
47783
47786
47787
47788
47789
4779
47791
47792
47795
47796
47797
47798
478
4780
47800
47801
47803
47804
47807
47808
4781
47810
47812
47813
47814
47817
47818
4782
47823
47824
47825
47827
47828
4783
47830
47831
47833
47834
47835
47838
4784
47840
47841
47842
47846
47847
47848
47849
4785
47850
47851
47853
47854
47855
47856
47857
47859
4786
47860
47861
47862
47863
47865
47867
47868
47869
4787
47871
47872
47873
47876
47877
47879
4788
47881
47883
47885
47886
47887
47888
47889
4789
47891
47893
47894
47895
47897
47899
479
4790
47900
47901
47903
47906
47907
4791
47910
47912
47913
47914
47916
47917
47918
4792
47920
47922
47923
47924
47925
47928
47929
4793
47932
47934
47937
4794
47940
47942
47943
47945
47948
47949
4795
47951
47952
47955
47956
47957
4796
47961
47962
47968
4797
47971
47974
47976
47977
47979
4798
47983
47985
4799
47990
47992
47998
48
480
4800
48004
48006
48007
48009
4801
48010
48011
48012
48014
48016
48017
48018
48019
4802
48020
48021
48022
48023
48025
48027
48028
48029
4803
48030
48036
48039
4804
48042
48045
48046
48048
4805
48051
48052
48053
48054
48057
48058
48059
4806
48060
48061
48062
48063
48064
48065
4807
48078
48079
4808
48080
48084
48088
48089
4809
48094
48098
481
4810
48101
48103
4811
4812
48122
48123
48129
4813
48133
48134
48135
4814
48141
48144
48145
48148
48149
4815
48150
48152
48156
48158
48159
4816
48160
48161
48162
48163
48167
48169
4817
48179
4818
48183
4819
48192
482
4820
48202
48205
48206
4821
48211
48212
48213
48215
48217
48218
48219
4822
48220
48221
48222
48224
48225
48226
48227
48228
4823
48230
48231
48232
48234
48236
48237
48239
4824
48240
48241
48243
48245
48246
48247
48248
48249
4825
48250
48251
48252
48253
48254
48255
48256
48257
48259
4826
48260
48261
48262
48263
48264
48265
48266
48267
48268
48269
4827
48270
48272
48273
48274
48275
48276
48278
48279
4828
48280
48281
48282
48283
48285
48286
48287
48288
48289
4829
48290
48292
48293
48294
48295
48296
48297
48298
48299
483
4830
48300
48301
48302
48303
48304
48306
48307
48308
48309
4831
48310
48311
48312
48313
48314
48315
48316
48317
48318
48319
4832
48320
48321
48322
48323
48324
48325
48326
48327
48328
48329
4833
48330
48331
48332
48333
48334
48335
48336
48337
48338
48339
4834
48340
48341
48342
48343
48344
48345
48346
48347
48348
48349
4835
48350
48351
48352
48353
48354
48355
48356
48357
48358
48359
4836
48360
48361
48362
48364
48365
48366
48367
48369
4837
48370
48371
48372
48373
48374
48375
48376
48377
48378
48379
4838
48380
48381
48382
48383
48384
48385
48386
48387
48388
48389
4839
48390
48391
48392
48393
48394
48395
48396
48397
48398
48399
484
4840
48400
48401
48402
48403
48404
48406
48407
48408
48409
4841
48410
48412
48413
48414
48415
48416
48417
48418
48419
4842
48420
48421
48422
48423
48424
48425
48426
48427
48428
48429
4843
48430
48431
48432
48433
48434
48435
48436
48438
48439
4844
48440
48441
48442
48443
48444
48446
48447
48448
48449
4845
48450
48451
48452
48453
48454
48455
48456
48457
48458
48459
4846
48460
48461
48462
48463
48464
48465
48466
48467
48468
48469
4847
48471
48473
48474
48475
48476
48477
48478
48479
4848
48480
48481
48482
48483
48484
48485
48486
48487
48489
4849
48490
48491
48492
48493
48494
48495
48496
48498
48499
485
4850
48500
48501
48502
48503
48504
48505
48506
48507
48508
48509
4851
48510
48511
48512
48514
48515
48516
48517
48518
48519
4852
48520
48522
48523
48524
48526
48527
48528
48529
4853
48531
48532
48533
48534
48537
48538
48539
4854
48541
48543
48544
48545
48546
48547
48549
4855
48550
48551
48553
48554
48555
48556
48557
48558
48559
4856
48560
48561
48562
48563
48566
48568
48569
4857
48570
48571
48572
48573
48575
48576
48577
48578
48579
4858
48580
48582
48583
48585
48586
48587
48588
48589
4859
48592
48593
48594
48595
48597
48598
48599
486
4860
48600
48601
48602
48603
48604
48606
48607
48608
48609
4861
48610
48612
48613
48614
48615
48616
48618
4862
48620
48621
48622
48623
48624
48625
48626
48628
48629
4863
48630
48631
48632
48633
48634
48635
48636
48637
48638
48639
4864
48640
48641
48642
48643
48644
48645
48646
48647
48648
48649
4865
48650
48651
48652
48653
48654
48655
48656
48657
48658
48659
4866
48660
48661
48662
48663
48664
48665
48666
48667
48668
48669
4867
48670
48671
48673
48674
48675
48676
48677
48678
48679
4868
48680
48681
48682
48683
48684
48685
48686
48687
48688
48689
4869
48691
48692
48693
48694
48695
48696
48697
48698
48699
487
4870
48700
48701
48702
48703
48704
48705
48706
48707
48708
4871
48710
48711
48713
48714
48715
48717
48718
48719
4872
48720
48721
48724
48725
48726
48727
48728
48729
4873
48730
48731
48732
48733
48734
48735
48736
48738
48739
4874
48742
48743
48744
48745
48746
48748
48749
4875
48750
48751
48752
48755
48756
48758
48759
4876
48761
48762
48763
48764
48765
48767
48768
48769
4877
48770
48771
48773
48774
48775
48776
48779
4878
48780
48781
48782
48783
48786
48787
48788
48789
4879
48790
48793
48794
48795
48796
48799
488
4880
48800
48801
48802
48804
48805
48806
48807
4881
48811
48813
48814
48816
48817
48818
4882
48822
48823
48824
48825
48827
48828
48829
48830
48831
48836
48837
48838
4884
48842
48844
48846
48847
48848
48849
4885
48850
48853
48855
48857
48858
48859
4886
48860
48861
48864
48865
48866
48867
48868
48869
4887
48870
48871
48873
48874
48875
48876
48877
48878
48879
4888
48880
48881
48882
48883
48884
48886
48887
48888
48889
4889
48891
48893
48896
48897
48898
48899
489
4890
48901
48902
48903
48905
48906
48907
48908
4891
48911
4892
48920
48921
48922
48924
48925
48929
48930
48932
48935
48937
48938
4894
48940
48941
48942
48943
48944
48946
48947
48948
48949
4895
48950
48953
48954
48955
48956
48957
48958
48959
4896
48960
48961
48962
48963
48964
48965
48966
48968
4897
48971
48972
48974
48977
48978
48979
4898
48980
48981
48982
48983
48984
48985
48986
48989
4899
48994
48997
48998
49
490
4900
49000
49001
49002
49003
49006
49007
49008
49009
4901
49010
49011
49012
49013
49014
49015
49016
49017
49018
49019
4902
49020
49021
49022
49023
49025
49026
49027
49029
4903
49030
49031
49032
49033
49034
49035
49036
49037
49038
49039
4904
49040
49041
49042
49043
49044
49045
49046
49048
49049
4905
49050
49051
49052
49053
49054
49055
49056
49057
49058
49059
4906
49060
49061
49062
49063
49064
49066
49067
49068
49069
4907
49072
49073
49074
49075
49076
49077
49079
4908
49080
49082
49085
49086
49087
49088
49089
4909
49091
49093
49094
49095
49096
49098
49099
491
4910
49101
49102
49106
49109
4911
49111
49113
49115
4912
49121
49122
49124
49125
49126
49128
4913
49130
49133
49134
49135
49136
49137
49138
49139
4914
49140
49141
49142
49143
49144
49145
49148
49150
49151
49153
49154
49155
49156
4916
49160
49161
49164
49165
49167
49169
4917
49170
49173
49174
49176
49177
49178
49179
4918
49181
49182
49184
49187
49189
4919
49190
49191
49192
49194
49195
49197
49198
492
4920
49200
49201
49202
49203
49204
49206
49207
49208
49209
4921
49210
49212
49213
49214
49216
49217
4922
49221
49222
49223
49224
49226
49227
49228
49229
4923
49230
49231
49234
49235
49236
49238
4924
49241
49242
49245
49246
49248
49249
4925
49251
49252
49254
49255
49256
49257
49258
4926
49262
49263
49264
49266
49268
49269
4927
49270
49271
49272
49274
49275
49276
49277
49278
49279
4928
49280
49281
49282
49283
49285
49288
4929
49290
49291
49292
49293
49294
49295
49297
49298
49299
493
4930
49300
49301
49302
49303
49304
49305
49306
49307
49309
4931
49310
49311
49315
49316
49317
49318
4932
49321
49322
49324
49325
49326
49327
49329
4933
49330
49331
49333
49334
49335
49336
49339
4934
49340
49341
49343
49344
49346
49347
49348
49349
4935
49351
49352
49353
49355
49356
49358
4936
49360
49361
49362
49363
49365
49366
49367
49369
4937
49370
49372
49373
49374
49375
49376
49377
49378
4938
49380
49381
49382
49383
49385
49386
49387
49388
49389
49390
49391
49393
49394
49395
49396
49397
494
4940
49400
49401
49403
49405
49406
49407
49409
49411
49412
49413
49414
49415
49417
49418
49419
4942
49420
49421
49422
49423
49425
49426
49429
4943
49430
49431
49432
49436
49437
49438
49439
4944
49442
49443
49445
49446
49447
49448
49449
4945
49451
49452
49453
49454
49455
49457
49458
49459
4946
49463
49464
49466
49467
4947
49470
49472
49473
49475
49476
49477
49478
49479
4948
49481
49482
49484
49485
49486
49487
49488
49489
4949
49490
49491
49492
49495
49496
49499
495
4950
49501
49502
49503
49506
49507
4951
49510
49511
49513
49514
49515
49516
49518
49519
4952
49520
49522
49523
49524
49525
49526
49528
49529
4953
49530
49532
49534
49535
49536
49537
49538
4954
49540
49541
49542
49543
49544
49546
49547
49548
4955
49552
49553
49555
49557
49558
49559
4956
49560
49561
49563
49564
49565
49566
49567
49569
4957
49570
49571
49573
49574
49577
49578
4958
49580
49581
49582
49583
49584
49585
49586
49587
49588
49589
4959
49590
49591
49592
49593
49594
49595
49596
49598
496
4960
49600
49601
49602
49603
49604
49605
49606
49608
49609
4961
49610
49611
49612
49613
49614
49616
49617
49619
4962
49620
49622
49623
49624
49625
49626
49627
49628
49629
4963
49630
49631
49632
49633
49634
49635
49636
49637
49638
49639
4964
49640
49641
49642
49643
49644
49645
49646
49647
49648
49649
4965
49650
49651
49652
49653
49654
49655
49656
49658
49659
4966
49660
49661
49662
49664
49666
49669
4967
49670
49674
49675
49677
49678
4968
49683
49684
49685
49686
49689
4969
49690
49691
49692
49693
49696
49697
49698
49699
497
4970
49701
49702
49705
49706
49708
49709
49710
49712
49713
49714
49715
49716
49718
49719
4972
49721
49722
49723
49724
49725
49726
49728
49729
4973
49730
49731
49732
49733
49735
49736
49738
4974
49740
49741
49742
49744
49745
49746
49747
49749
4975
49750
49751
49752
49753
49754
49755
49756
49757
49759
49761
49762
49764
49765
49767
49768
49769
49771
49773
49774
49775
49778
49779
4978
49780
49781
49782
49784
49785
49786
49787
49788
49789
4979
49790
49791
49792
49795
49796
49798
49799
498
4980
49804
49805
49806
49807
49808
49809
49810
49811
49812
49813
49814
49815
49816
49817
49818
49819
4982
49820
49821
49822
49823
49824
49825
49826
49827
49828
49829
4983
49830
49831
49832
49833
49834
49835
49836
49837
49838
49839
49840
49841
49842
49843
49844
49845
49846
49847
49848
49849
4985
49850
49852
49853
49854
49855
49856
49857
49858
49859
4986
49860
49861
49862
49863
49864
49865
49866
49867
49868
49869
4987
49870
49871
49872
49873
49874
49875
49876
49877
49878
49879
4988
49880
49881
49882
49883
49884
49885
49886
49887
49888
49889
4989
49890
49891
49892
49893
49894
49895
49896
49897
49898
49899
499
4990
49900
49901
49902
49903
49904
49905
49906
49907
49908
49909
4991
49910
49911
49912
49913
49914
49915
49916
49917
49918
49919
4992
49920
49921
49922
49923
49924
49925
49926
49927
49929
4993
49931
49932
49933
49934
49935
49936
49937
49938
49939
4994
49940
49941
49942
49943
49944
49945
49946
49947
49948
49949
4995
49950
49951
49952
49953
49954
49955
49956
49957
49958
49959
4996
49960
49961
49962
49963
49964
49965
49966
49967
49968
4997
49970
49971
49972
49973
49974
49975
49976
49977
49978
49979
4998
49980
49981
49982
49983
49984
49985
49986
49987
49988
4999
49990
49991
49993
49994
49995
49996
49997
5
50
500
5000
50000
50001
50002
50003
50004
50005
50006
50007
50008
50009
5001
50010
50011
50013
50014
50016
50017
50019
5002
50020
50021
50022
50023
50025
50026
50027
50028
50029
5003
50031
50032
50033
50034
50035
50037
50038
50039
5004
50040
50041
50043
50044
50045
50049
50050
50051
50056
50057
50059
5006
50060
50063
50065
50068
50069
5007
50071
50072
50074
50075
50076
50077
50078
50079
5008
50080
50082
50086
50087
50089
5009
50090
50091
50092
50096
50097
50098
501
5010
50100
50101
50102
50103
50104
50105
50106
50107
50108
50109
5011
50110
50111
50112
50113
50114
50115
50116
50117
50118
50119
5012
50120
50121
50122
50123
50124
50125
50126
50127
50128
50129
5013
50130
50131
50132
50133
50134
50135
50136
50137
50138
50139
5014
50140
50141
50142
50143
50144
50145
50147
50149
5015
50150
50151
50152
50154
50155
50157
5016
50160
50161
50163
50164
50166
50167
50168
5017
50170
50171
50172
50173
50177
50178
50179
5018
50181
50182
50183
50184
50185
50186
50189
5019
50190
50191
50192
50194
50195
50196
50197
50198
502
5020
50200
50201
50202
50203
50204
50206
50207
50208
50209
5021
50212
50213
50214
50215
50218
50219
5022
50220
50224
50225
50226
50227
50228
50229
5023
50230
50231
50232
50233
50235
50236
50238
50239
5024
50240
50241
50242
50243
50246
50247
50248
50249
5025
50252
50253
50254
50256
50257
50259
5026
50260
50261
50262
50263
50264
50265
50268
50269
5027
50270
50271
50275
50276
50277
50279
5028
50281
50282
50283
50284
50286
50287
50288
50289
5029
50290
50292
50293
50294
50295
50296
50297
50298
50299
503
5030
50302
50303
50304
50305
50307
50308
50309
5031
50310
50313
50314
50315
50316
50317
50318
50319
5032
50321
50322
50323
50324
50325
50327
50329
5033
50330
50331
50333
50334
50335
50337
50339
5034
50340
50341
50343
50345
50346
50347
5035
50351
50352
50353
50355
50357
50358
50359
5036
50360
50361
50362
50363
50364
50365
50366
50367
50368
50369
5037
50370
50371
50372
50373
50374
50375
50376
50377
50378
5038
50380
50382
50383
50384
50387
50388
50389
5039
50390
50391
50394
50395
50396
50398
504
5040
50400
50401
50404
50406
50407
50408
5041
50410
50411
50412
50413
50414
50415
50416
50418
50419
5042
50420
50421
50422
50425
50427
50428
50429
50430
50431
50432
50433
50434
50435
50436
5044
50440
50441
50442
50443
50444
50445
50447
50448
50449
5045
50451
50452
50453
50454
50456
50457
50458
50459
5046
50460
50461
50462
50463
50465
50468
50469
5047
50471
50472
50473
50474
50475
50479
5048
50480
50484
50485
50486
50487
5049
50491
50492
50494
50497
50498
50499
505
5050
50500
50501
50503
50507
50508
50509
5051
50516
50517
50520
50521
50531
50538
5054
50543
50544
50547
5055
50551
50556
50561
50562
50563
50568
5057
50575
50579
5058
50585
50589
5059
50596
50598
506
5060
50603
50607
5061
5062
50623
50624
50626
50629
5063
50636
50638
50639
5065
50650
50657
50658
5066
50663
50665
50666
50667
50668
50669
5067
50670
50673
50674
50675
50677
50678
50679
5068
50681
50682
50684
50685
50686
50687
50689
5069
50690
50691
50693
50695
50696
50697
50698
507
5070
50702
50703
50704
50706
50707
50708
50711
50712
50715
50716
50717
50718
50719
5072
50722
50723
50724
50725
50726
50727
5073
50733
50734
50736
50738
5074
50740
50741
50743
50745
50746
50748
50749
5075
50751
50752
50754
50756
50757
50758
50759
5076
50760
50765
50767
50768
50769
5077
50770
50771
50772
50773
50777
50779
5078
50780
50781
50782
50784
50785
50786
50787
50788
50789
5079
50790
50791
50792
50795
50798
508
5080
50801
50802
50803
50804
50807
50808
5081
50812
50817
5082
50820
50821
50826
50827
5083
50831
50833
50837
5084
50843
50845
5085
50859
5086
50868
50869
5087
50870
50871
50873
50876
50878
50879
5088
50883
50886
50888
5089
50890
50897
50898
50899
509
5090
50901
50907
50909
5091
5092
50921
50925
5093
50931
50936
50937
5094
50945
50947
50948
50949
5095
50950
50952
50953
50954
50955
50957
50958
5096
50962
50963
50964
50966
50967
50968
5097
50970
50972
50973
50974
50976
50977
50978
5098
50980
50981
50982
50983
50984
50987
50988
50989
5099
50992
50993
50994
50995
50996
50997
50998
51
510
5100
51000
51001
51002
51003
51004
51007
51008
51009
5101
51010
51012
51013
51014
51016
51019
5102
51024
51026
51029
51035
51039
5104
51040
51042
51043
51050
51053
51055
51056
51057
51058
5106
51060
51067
51068
5107
51072
51073
51078
5108
51080
51081
51082
51088
51089
5109
51091
51096
51099
51102
51103
51104
51105
51107
5111
51110
51111
51112
51113
51115
51117
51118
51121
51123
51124
51127
51128
51129
51130
51134
51135
51136
51138
5114
51140
51145
51146
51147
51148
5115
51151
51152
51153
51154
51158
5116
51161
51162
51163
51164
51165
51166
51167
51168
51169
51170
51171
51172
51173
51174
51175
51176
51177
51178
51179
51181
51182
51183
51184
51185
51186
51187
51188
51189
51190
51191
51192
51193
51194
51195
51196
51197
51198
51199
512
5120
51200
51202
51203
51204
51205
51206
51207
51208
51209
5121
51210
51211
51212
51213
51214
51215
51216
51218
5122
51227
51228
51229
5123
51232
51239
5124
51240
51244
51245
5125
51251
51252
51253
51255
51256
51257
51258
51259
5126
51260
51262
51265
5127
51271
51272
51273
51274
51275
51276
51277
51278
51279
5128
51280
51281
51282
51283
51284
51285
51286
51287
51288
51289
5129
51291
51292
51293
51294
51295
51296
51297
51298
513
51301
51303
51309
5131
51310
51311
51322
51325
51326
51327
5133
51334
51337
51339
5134
51344
51348
5135
51350
51360
5137
51372
51373
51374
51377
51379
5138
51384
51389
5139
51392
51395
51396
51399
514
51405
5141
51410
51411
51414
51415
51416
51419
5142
51421
51423
5143
5144
51449
5145
51452
51453
51454
51455
51457
51458
51459
5146
51461
51462
51463
51464
51465
51466
51468
5147
51470
51471
51472
51474
51475
51476
51477
51478
5148
51480
51481
51482
51483
51485
51490
51491
51493
51494
51496
51497
51498
51499
515
5150
51502
51507
51510
51511
51515
51517
51518
51519
51520
51522
51525
51527
51529
5153
51534
51544
51545
51549
5155
51551
51558
5156
51561
51567
5157
51571
51575
51576
51577
5158
51583
51585
51587
5159
51593
51594
51596
516
5160
51600
51601
51602
51604
51605
51606
51607
51608
51609
5161
51610
51612
51613
51614
51615
51616
51617
51618
51619
5162
51622
51623
51624
51625
51626
51627
51628
5163
51630
51632
51633
51634
51635
51637
51638
51639
5164
51641
51644
51647
51648
5165
51650
51651
51653
51654
51656
51657
51659
5166
51660
51662
51663
51664
51665
51666
51668
5167
51670
51671
51672
51674
51675
51676
51677
51679
51680
51682
51683
51687
51688
51689
5169
51690
51691
51693
51694
51695
51696
51697
51698
517
5170
51700
51701
51702
51704
51705
51707
51708
51709
5171
51715
51716
51717
51718
51719
51720
51721
51722
51723
51724
51725
51726
51728
51729
5173
51730
51731
51732
51733
51735
51736
51737
51738
5174
51740
51741
51742
51743
51744
51746
51747
51748
51749
5175
51750
51751
51752
51753
51754
51755
51756
51757
5176
51761
51766
51767
51768
51769
51770
51773
51774
51775
51778
51779
5178
51780
51781
51782
51783
51784
51785
51786
51788
51789
5179
51790
51792
51794
51797
51798
518
5180
51800
51801
51803
51805
51806
51807
51809
5181
51810
51811
51812
51814
51815
51817
5182
51820
51823
51824
51826
51827
51828
51829
5183
51830
51835
51836
51837
51839
5184
51840
51841
51842
51843
51844
51845
51848
51849
51850
51852
51853
51854
51855
51857
51858
51860
51861
51862
51864
51867
51868
5187
51870
51871
51872
51873
51874
51875
51876
51877
51878
51879
5188
51880
51883
51884
51885
51886
51887
51888
5189
51890
51891
51892
51893
51894
51895
51896
51897
51898
51899
519
5190
51902
51903
51905
51909
5191
51910
51911
51912
51913
51914
51915
51916
51917
5192
51920
51922
51924
51925
51928
51929
5193
51932
51933
51934
51935
51936
51937
51938
51939
51941
51942
51943
51944
51945
51946
51948
51949
5195
51950
51951
51954
51955
51956
51957
51959
5196
51961
51962
51963
51968
51969
51971
51973
51975
51976
51977
51978
51979
5198
51980
51981
51984
51985
51988
51989
5199
51990
51991
51992
51993
51994
51995
51996
51997
51998
51999
52
520
5200
52000
52002
52003
52005
52007
52008
52009
5201
52010
52011
52012
52013
52014
52015
52016
52017
52018
52019
52020
52021
52022
52025
52026
52030
52032
52033
52034
52035
52036
52039
52046
52047
52048
52049
52050
52051
52052
52053
52054
52058
52062
52063
52064
52065
52066
52068
52069
5207
52070
52071
52072
52075
52076
52077
5208
52081
52082
52084
52085
52086
52088
52089
52092
52093
52095
52096
52097
52098
52099
521
5210
52100
52101
52102
52104
52105
52106
52107
52108
52109
5211
52110
52111
52112
52113
52114
52115
52117
52118
52119
5212
52120
52121
52123
52124
52125
52126
52127
52129
52130
52132
52133
52135
52136
52137
52139
5214
52141
52142
52143
52147
52148
52149
5215
52150
52152
52153
52154
52155
52156
52158
52159
5216
52160
52161
52162
52163
52164
52165
52166
52167
52168
52169
5217
52170
52171
52172
52173
52174
52175
52176
52177
52179
5218
52180
52181
52182
52185
52186
52187
52188
5219
52191
52192
52193
52196
52198
52199
522
52200
52201
52202
52203
52204
52205
52206
52207
52209
5221
52211
52212
52213
52214
52215
52216
52217
52218
52219
5222
52220
52222
52223
52224
52226
52228
52229
5223
52230
52231
52232
52234
52235
52236
52238
5224
52240
52243
52244
52247
52252
52256
5226
52262
52265
52266
52268
5227
52277
52278
5228
52281
52284
5229
52294
52299
523
5230
52304
52305
52310
52313
52314
52315
52316
52317
52318
52319
5232
52320
52321
52322
52323
52324
52325
52326
52327
5233
52330
52331
52332
52334
52335
52336
52337
52338
52339
5234
52340
52342
52343
52345
52346
52348
52349
5235
52350
52352
52353
52354
52355
52356
52358
52359
5236
52360
52361
52362
52364
52365
52366
5237
52371
52372
52373
52374
52375
52377
52378
52379
5238
52380
52381
52384
52385
52386
52387
52388
52389
52390
52391
52393
52394
52396
52397
52398
524
5240
52400
52401
52402
52404
52407
5241
52410
52412
52413
52416
52417
52418
5242
52421
52422
52423
52424
52425
52427
52428
52429
5243
52432
52433
52435
52436
52438
52439
5244
52442
52443
52444
52445
52448
5245
52451
52452
52455
52456
52457
52458
52459
5246
52460
52461
52463
52464
52465
52466
52467
52468
52469
5247
52470
52472
52473
52474
52476
52478
5248
52480
52482
52484
52485
52486
52488
52489
5249
52490
52491
52492
52494
52495
52496
52497
52498
52499
525
5250
52500
52501
52502
52503
52504
52506
52507
52508
52509
5251
52511
52512
52513
52514
52515
52517
52518
52519
5252
52520
52521
52523
52524
52525
52526
52527
52528
52529
5253
52530
52531
52532
52533
52534
52535
52536
52537
52538
5254
52540
52542
52543
52545
52546
52547
52549
5255
52550
52551
52552
52554
52555
52556
52557
52558
52559
52561
52562
52563
52564
52565
52567
52569
52570
52571
52573
52574
52575
52576
52577
52579
5258
52580
52581
52582
52583
52584
52585
52586
52587
52588
52589
5259
52590
52591
52592
52593
52594
52595
52596
52597
52598
526
5260
52600
52601
52602
52603
52604
52605
52606
52607
52608
52609
5261
52610
52611
52612
52613
52614
52615
52616
52617
52619
5262
52620
52621
52622
52623
52624
52625
52626
52627
52628
52629
52630
52631
52632
52633
52634
52635
52636
52637
52638
52639
52640
52642
52643
52644
52645
52646
52647
52649
52650
52651
52652
52654
52655
52656
52657
52658
52659
5266
52660
52661
52662
52663
52664
52665
52666
52667
52668
52669
52670
52671
52672
52674
52677
52678
52679
52681
52683
52685
52686
52687
52688
52689
5269
52692
52693
52696
52697
52699
527
5270
52700
52701
52702
52703
52704
52705
52706
52709
52714
52715
52716
52717
52718
5272
52722
52723
52724
52726
52727
52729
5273
52732
52733
52734
52735
52738
5274
52740
52743
52744
52745
52746
52747
52748
5275
52753
52754
52755
52756
52757
52758
52759
5276
52763
52764
52766
52767
52768
52769
5277
52770
52771
52772
52775
52776
52777
52779
5278
52780
52782
52783
52784
52785
52786
52787
52788
52789
5279
52791
52792
52793
52794
52795
52796
52799
528
5280
52800
52803
52805
52806
52807
5281
52811
52812
52815
52816
52817
5282
52820
52821
52822
52823
52824
52825
52826
52827
5283
52832
52839
5284
52841
52842
52843
52844
52845
52846
52847
52849
5285
52850
52853
52855
52859
5286
52860
52861
52865
52866
52867
52868
52869
5287
52871
52872
52873
52877
52878
52879
5288
52880
52881
52882
52883
52885
52886
52887
52888
52889
5289
52890
52891
52892
52893
52895
52896
52897
52898
52899
529
5290
52901
52902
52903
52904
52906
52907
52909
5291
52910
52911
52912
52913
52914
52915
52916
52917
52918
52919
5292
52921
52922
52923
52924
52925
52926
52927
52928
52929
5293
52931
52932
52933
52934
52935
52936
52937
52938
52939
5294
52940
52941
52942
52943
52944
52945
52946
52947
52948
5295
52950
52951
52952
52954
52955
52956
52957
52958
5296
52961
52962
52964
52965
52966
52967
52968
5297
52970
52971
52972
52975
52976
52977
52978
52979
5298
52980
52982
52983
52984
52985
52987
52988
52989
5299
52990
52991
52992
52993
52994
52995
52996
52997
52999
53
530
5300
53000
53001
53002
53003
53004
53005
53006
53007
53008
53009
5301
53010
53011
53012
53014
53015
53016
53017
53018
53019
53020
53021
53022
53023
53024
53025
53028
53029
5303
53030
53031
53032
53033
53034
53035
53036
53037
53038
53039
5304
53040
53042
53043
53044
53045
53046
53047
53048
53049
5305
53050
53051
53053
53054
53055
53057
53058
53059
5306
53060
53061
53062
53063
53064
53065
53066
53067
53068
53069
5307
53070
53071
53072
53073
53074
53075
53077
53078
53079
5308
53080
53081
53082
53083
53085
53086
53088
53089
5309
53090
53091
53092
53094
53095
53096
53097
53098
531
53101
53102
53103
53104
53106
53107
53108
53109
53110
53111
53112
53114
53116
53118
5312
53120
53121
53122
53124
53125
53126
53127
53128
53130
53132
53133
53134
53136
53137
53138
53139
5314
53140
53141
53142
53143
53145
53146
53147
53148
53149
5315
53151
53152
53153
53154
53155
53157
53158
5316
53160
53163
53164
53165
5317
53171
53173
53176
53177
53179
53182
53183
53186
53187
53188
53189
5319
53192
53194
53195
53198
532
5320
53200
53201
53205
53206
53207
53208
53210
53212
53213
53214
53216
5322
53220
53222
53225
53226
53228
53229
5323
53232
53235
53239
53240
53241
53242
53243
53245
53246
53247
53248
53249
53250
53251
53254
53260
53262
53263
53266
53267
53268
5327
53270
53272
53273
53274
53275
53276
53277
53279
5328
53280
53281
53283
53285
53286
53288
5329
53291
53292
53294
53297
53298
533
5330
53300
53303
53306
53307
53308
5331
53310
53312
53313
53314
53315
53318
5332
53320
53321
53322
53323
53324
53325
53326
53327
53328
53329
5333
53330
53331
53332
53333
53334
53335
53336
53337
53338
53339
53340
53341
53342
53343
53344
53345
53346
53347
5335
53351
53352
53356
53358
5336
53360
53361
53362
53363
53364
53365
53366
53367
53368
53369
5337
53370
53371
53373
53374
53375
53376
53377
53380
53381
53382
53383
53386
53387
53388
53389
53392
53393
53394
53395
53396
53398
53399
534
5340
53400
53401
53402
53404
53405
53406
53407
53408
53409
5341
53410
53411
53412
53413
53414
53415
53416
53417
53418
53419
53421
53423
53424
53425
53426
53427
53428
53430
53433
53434
53436
53438
53439
53440
53441
53442
53444
53445
53447
53448
53450
53451
53452
53453
53454
53455
53456
53457
53458
53459
5346
53460
53461
53462
53463
53464
53465
53466
53467
53469
5347
53470
53471
53473
53475
53477
53478
53479
5348
53481
53483
53485
53486
53487
53488
53489
5349
53491
53492
53494
53495
53498
535
5350
53500
53501
53503
53504
53505
53506
53507
53510
53511
53512
53513
53514
53515
53516
53517
53518
53519
5352
53520
53521
53522
53523
53524
53525
53528
53529
53531
53534
53535
53536
53537
53538
53539
53540
53541
53542
53543
53545
53546
53547
53548
53549
5355
53550
53551
53552
53553
53555
53556
53557
53558
53559
5356
53560
53561
53563
53564
53565
53566
53567
53569
5357
53570
53571
53572
53575
53576
53577
53578
5358
53581
53582
53583
53584
53586
53587
53588
53589
5359
53590
53592
53593
53594
53595
53596
53598
53599
536
5360
53600
53601
53602
53603
53605
53606
53607
53608
53609
5361
53613
53614
53615
53616
53617
5362
53620
53621
53626
53627
53630
53632
53633
53636
53637
53638
53639
5364
53642
53643
53644
53645
53647
53648
5365
53650
53651
53653
53654
53656
53657
5366
53660
53662
53663
53665
53666
53667
53668
53669
5367
53671
53672
53674
53675
53676
53677
5368
53680
53682
53684
53685
53688
53690
53691
53692
53694
53696
53697
53698
53699
537
5370
53702
53703
53704
53708
53709
5371
53714
53715
53716
53718
5372
53720
53721
53722
53726
53727
53728
5373
53732
53733
53734
53737
53738
53739
5374
53740
53742
53743
53744
53745
53746
5375
53750
53751
53752
53753
53754
53755
53756
53757
53758
53759
5376
53760
53761
53762
53763
53764
53765
53766
53767
53768
53769
53770
53771
53772
53773
53774
53775
53776
53777
53778
53779
5378
53780
53781
53782
53783
53784
53785
53786
53787
53788
5379
53790
53793
53794
53796
53799
538
5380
53800
53802
53805
53806
53808
5381
53810
53811
53818
53819
53824
53826
53828
53829
5383
53830
53832
53833
53834
53835
53836
53837
53838
53839
5384
53840
53841
53842
53843
53844
53845
53847
53848
53849
5385
53850
53851
53852
53855
53857
53862
53863
53864
53866
53868
53869
5387
53870
53873
53876
53878
53879
53881
53885
53886
53887
53888
53889
5389
53890
53891
53895
53896
53897
53898
53899
539
5390
53900
53901
53902
53903
53906
53908
53909
5391
53911
53912
53913
53914
53915
53917
53919
5392
53920
53921
53926
53927
53928
5393
53930
53931
