27695
27696
27697
27698
27699
2770
27700
27701
27702
27703
27704
27705
27706
27707
27708
27709
2771
27714
27715
27716
27717
27718
27719
2772
27720
27721
27722
27724
27725
27726
27727
27728
27729
2773
27730
27731
27732
27733
27734
27735
27737
27738
27739
2774
27740
27741
27742
27743
27744
27745
27746
27747
27748
27749
2775
27750
27751
27752
27753
27754
27755
27756
27757
27759
2776
27760
27761
27762
27763
27764
27765
27766
27767
27769
2777
27770
27771
27772
27773
27774
27775
27776
27779
2778
27780
27781
27782
27783
27784
27785
27786
27787
27788
27789
2779
27792
27794
27795
27796
27797
27798
27799
278
2780
27803
27804
27806
27807
27808
27809
2781
27810
27812
27813
27814
27815
27818
27819
2782
27820
27821
27822
27823
27824
27825
27826
27827
27828
27829
2783
27830
27831
27832
27833
27834
27835
27836
27837
27838
27839
2784
27841
27842
27843
27844
2785
27853
27854
27855
2786
27861
27863
27864
27865
27866
27867
27868
27869
2787
27870
27871
27872
27873
27874
27875
27876
27877
27878
27879
2788
27880
27881
27882
27883
27884
27885
27886
27887
27888
27889
2789
27890
27891
27894
27895
27896
27897
27898
27899
279
2790
27901
27902
27903
27904
27905
27906
27907
27908
27909
2791
27910
27911
27912
27913
27915
27916
27917
27918
27919
27920
27921
27922
27923
27924
27925
27926
27927
27928
27929
2793
27930
27931
27932
27933
27934
27935
27936
27937
27938
27939
2794
27940
27941
27942
27943
27945
27946
27947
27948
27949
2795
27950
27951
27952
27953
27954
27955
27956
27957
27958
27959
27960
27961
27962
27963
27964
27965
27966
27967
27968
27969
27970
27971
27972
27973
27974
27975
27976
27977
27978
2798
27980
27981
27982
27985
27986
27987
27988
27989
2799
27990
27991
27993
27994
27995
27996
27997
27998
27999
28
280#1
28000
28001
28002
28003
28004
28005
28006
28007
28008
28009
28010
28011
28012
28013
28014
28015
28016
28017
28018
28019
2802
28020
28021
28022
28024
28025
28026
28027
28028
28029
2803
28030
28031
28033
28034
28035
28036
28037
28038
28039
28040
28041
28042
28043
28044
28045
28046
28047
28048
28049
2805
28051
28052
28053
28054
28055
28056
28057
28058
28059
2806
28060
28061
28062
28063
28064
28065
28066
28067
28068
28069
2807
28070
28071
28072
28073
28076
28077
2808
28080
28081
28082
28083
28084
28085
28086
28087
28088
28089
2809
28090
28091
28092
28093
28094
28095
28096
28097
28098
28099
281
2810
28100
28101
28102
28103
28104
28105
28106
28107
28108
28109
2811
28110
28111
28113
28114
28115
28116
28117
28118
2812
28123
28124
28126
28127
28128
28129
2813
28130
28131
28132
28133
28134
28135
28136
28137
28138
28139
2814
28142
28143
28144
28145
28148
28149
2815
28150
28151
28152
28158
28159
2816
28160
28161
28162
28163
28164
28165
28168
28169
2817
28170
28171
28172
28173
28174
28175
28176
28177
28178
28179
28180
28181
28182
28183
28184
28185
28187
28188
28189
2819
28190
28191
28192
28193
28194
28195
28196
28199
282
28200
28202
28203
28204
28205
28206
28207
28209
2821
28210
28212
28213
28214
28215
28217
28218
28219
28220
28221
28222
28223
28224
28225
28227
28228
28229
2823
28230
28231
28232
28233
28234
28235
28236
28237
28238
28239
2824
28240
28241
28242
28243
28244
28245
28246
28247
28248
28249
2825
28250
28252
28253
28254
28255
28256
28257
28258
28259
2826
28260
28261
28262
28263
28264
28265
28266
28267
28268
28269
2827
28270
28271
28272
28273
28274
28275
28276
28277
28278
28279
28280
28281
28282
28283
28284
28285
28286
28287
28288
28289
2829
28290
28291
28292
28293
28294
28295
28296
28297
28298
28299
283
2830
28300
28301
28304
28305
28306
28307
28308
28309
2831
28311
28314
28315
28316
28317
2832
28320
28322
28323
28324
28327
2833
2834
28349
2835
28350
28351
28354
28355
28356
28357
28358
28359
2836
28361
28362
28363
28365
28366
28368
28369
2837
28370
28371
28372
28373
28374
28375
28376
28377
28378
2838
28381
28383
28384
28385
28386
28387
28388
28389
2839
28390
28392
28393
28394
28395
28396
28398
28399
2840
28400
28401
28402
28403
28404
28408
28409
2841
28410
28412
28414
28415
28416
28417
28418
28419
2842
28420
28421
28422
28423
28424
28425
28426
28427
28428
28429
2843
28430
28431
28432
28433
28434
28435
28436
28439
2844
28440
28441
28442
28443
28444
28445
28446
28447
28448
28449
2845
28450
28451
28452
28453
28456
28458
2846
28462
28463
28464
2847
2848
28487
28488
28489
2849
28490
28491
28492
28493
28494
28495
28496
28497
28498
28499
285
2850
28500
28501
28502
28503
28504
28505
28506
28507
28508
28509
2851
28510
28511
28512
28513
28514
28515
28516
28517
28519
2852
28521
28522
28523
28524
28525
28526
28527
28528
28529
2853
28530
28531
28532
28533
28534
28535
28536
28538
28539
2854
28540
28542
28543
28544
28545
28546
28547
28548
28549
2855
28550
28551
28552
28553
28556
28558
2856
28560
28561
28562
28563
28564
28565
28566
28568
28569
2857
28570
28571
28572
28575
28576
28577
28578
2858
28585
28586
28587
28588
28589
2859
28590
28591
28592
28593
28594
28595
28596
28597
28598
28599
2860
28600
28601
28602
28603
28604
28605
28606
28607
28608
28609
2861
28610
28611
28612
28613
28614
28615
28616
28617
28618
28619
28620
28621
28622
28623
28624
28625
28627
28628
28630
28631
28633
28634
28635
28636
28637
28638
28639
2864
28640
28641
28643
28644
28646
28647
2865
28650
28651
28652
28653
28654
28655
28656
28657
28658
28659
2866
28660
28661
28662
28663
28664
28665
28666
28667
28668
28669
28670
28672
28673
28674
28675
28676
28678
28679
2868
28680
28681
28682
28683
28684
28685
28686
28687
28688
28689
2869
28690
28691
28693
28694
28695
28696
28697
28698
28699
287
2870
28700
28701
28708
28709
2871
28710
28711
28712
28713
28714
28715
28716
28717
28718
28720
28721
28722
28723
28724
28725
28726
28728
28729
2873
28730
28731
28732
28733
28735
28736
28737
28738
28739
28740
28741
28742
28743
28744
28745
28746
28747
28748
28749
28750
28751
28752
28753
28755
28756
28757
28758
28762
28763
28764
28765
28766
28767
28768
28769
2877
28770
28771
28772
28775
28778
28779
2878
28780
28781
28782
28783
28786
28787
28788
28789
2879
28790
28791
28792
28793
28794
28795
28796
28797
28798
28799
2880
28800
28801
28802
28803
28804
28805
28806
28807
28808
2881
28811
28813
28814
28815
28816
28817
28818
28819
2882
28820
28821
28822
28823
28824
28825
28826
28827
28828
28829
2883
28830
28831
28832
28833
28835
28836
28837
28838
28839
2884
28840
28841
28842
28843
28844
28845
28846
28847
28848
28849
2885
28850
28851
28852
28853
28856
28857
28858
28859
2886
28860
28861
28862
28863
28864
28865
28866
28867
28868
28869
2887
28870
28871
28872
28873
28874
28875
28876
28877
28878
28879
28880
28881
28882
28883
28884
28885
28886
28887
28888
28889
2889
28890
28891
28892
28893
28894
28895
28896
28897
28898
28899
289
2890
28900
28901
28902
28903
28904
28905
28906
28907
28908
28909
2891
28910
28911
28912
28913
28914
28915
28916
28917
28918
28919
2892
28920
28921
28922
28926
28927
28928
28929
2893
28930
28931
28932
28933
28934
28935
28936
28937
28938
28939
2894
28940
28941
28942
28943
28944
28945
28946
28947
28948
2895
28950
28951
28952
28953
28957
28958
28959
2896
28960
28963
28966
28967
28968
28969
2897
28970
28971
28972
28973
28974
28975
28976
28977
28978
28979
2898
28980
28981
28982
28983
28984
28985
28986
28987
28988
2899
28992
28993
28994
28997
28998
28999
29
290
2900
29000
29001
29002
29003
29004
29005
29006
29007
29008
29009
2901
29010
29011
29012
29014
29015
29016
29017
29018
29019
2902
29020
29022
29026
29027
29028
29029
2903
29030
29031
29032
29033
29034
29035
29036
29037
29038
2904
29040
29041
29042
29043
29044
29045
29048
29049
2905
29050
29051
29052
29053
29054
29055
29056
29057
29058
29059
2906
29060
29061
29062
29063
29064
29065
29066
29067
29068
29069
2907
29070
29071
29072
29073
29075
29076
29077
29078
29079
2908
29080
29081
29082
29083
29084
29085
29086
29087
29088
2909
29090
29091
29095
29096
29097
29098
29099
291
2910
29101
29102
29103
29104
29105
29106
29107
29108
29109
2911
29110
29111
29112
29113
29114
29116
29117
29118
29119
2912
29120
29121
29122
29123
29124
29125
29126
29127
29128
29129
2913
29130
29131
29132
29133
29134
29135
29136
29137
29138
29139
2914
29140
29141
29142
29143
29144
29145
29146
29147
29148
29149
2915
29150
29151
29152
29153
29154
29155
29156
29157
29158
29159
2916
29160
29161
29163
29164
29165
29166
29167
29168
29169
2917
29170
29171
29172
29173
29174
29175
29176
29178
29179
29180
29181
29182
29183
29184
29185
29186
29187
29188
29189
2919
29190
29191
29192
29193
29195
29196
29197
29198
29199
292
2920
29201
29202
29203
29204
29205
29206
29207
29208
29209
2921
29210
29211
29212
29215
29216
29217
29218
29219
2922
29220
29221
29222
29223
29224
29225
29226
29227
2923
29232
29234
29235
29238
29239
2924
29240
29241
29242
29243
29244
29245
29246
29248
29249
2925
29250
29251
29252
29254
29255
29256
29259
2926
29260
29261
29263
29264
29265
2927
29270
29271
29273
29275
29277
29279
2928
29280
29281
29282
29283
29284
29285
29286
29287
29288
29289
29291
29292
29294
29295
29296
29297
29298
293
2930
29300
29301
29302
29303
29304
29305
29306
29307
2931
29310
29311
29313
29314
29315
29319
2932
29320
29321
29322
29324
29325
29328
29329
29330
29332
29333
29335
29337
29339
2934
29341
29342
29343
29344
29346
29347
29348
29349
2935
29351
29352
29353
29354
29355
29356
29357
29358
2936
29360
29361
29363
29364
29366
29367
29368
29369
29370
29371
29372
29375
29376
29377
29378
29379
2938
29380
29381
29382
29383
29384
29385
29386
29387
29388
29389
29390
29391
29393
29394
29396
29397
29398
29399
294
2940
29401
29402
29405
29409
2941
29410
29413
29415
2942
29426
29427
29429
2943
29433
29434
29435
29439
2944
29442
29445
29447
2945
29450
29451
2946
29462
29466
2947
29470
29471
29473
29474
29476
29477
29478
29479
2948
29480
29481
29483
29485
29487
29488
29489
2949
29490
29492
29493
29494
29496
29498
29499
295
2950
29500
29501
29503
29504
29505
29506
29507
29508
2951
29510
29511
29512
29514
29517
29518
2952
29520
29522
29523
29524
29525
29527
29528
29529
2953
29530
29532
29534
29535
29537
29538
29539
2954
29540
29541
29542
29543
29544
29545
29546
29548
2955
29550
29551
29552
29553
29554
29555
29557
29558
29559
2956
29560
29561
29562
29563
29564
29565
29567
29568
29569
2957
29570
29571
29572
29573
29574
29575
29577
29578
29579
2958
29580
29581
29582
29583
29585
29587
2959
29591
29592
29593
29594
29597
296
2960
29600
29601
29602
29606
29608
2961
29610
29612
29613
29614
29615
29618
2962
29621
29623
29624
29625
29626
29627
2963
29634
29635
29636
29637
29638
2964
29644
29645
29647
29648
29649
29650
29651
29655
29658
29659
2966
29660
29661
29662
29663
29669
2967
29670
29671
29672
29673
29674
29675
29677
29678
29679
2968
29680
29681
29683
29684
29685
29688
2969
297
29702
29708
29710
29719
2972
29721
2973
2974
29745
29749
2975
29750
29751
29752
29753
29758
29759
2976
29761
29764
29765
29766
29768
2977
29770
29771
29772
29773
29774
29775
29776
29777
29778
29779
29780
29781
29782
29783
29784
29785
29786
29787
29788
29789
29792
29793
29795
29796
29798
298
29800
29802
29803
29804
29805
29806
29807
29808
29809
29811
29812
29813
29814
29816
29818
29820
29821
29822
29823
29824
29825
29826
29827
29828
29829
2983
29830
29831
29832
29833
29835
29836
29837
29838
29839
2984
29840
29841
29842
29843
29844
29845
29847
29848
29849
2985
29850
29851
29853
29854
29855
29856
29857
29858
29859
2986
29860
29861
29862
29863
29864
29865
29868
29869
2987
29870
29871
29873
29874
29875
29876
29877
29878
29879
2988
29880
29881
29882
29883
29884
29885
29886
29887
29888
29889
2989
29890
29891
29892
29893
29896
29897
29898
29899
29900
29901
29902
29903
29904
29905
29906
29907
29909
2991
29910
29911
29912
29913
29914
29916
29917
29918
2992
29920
29921
29922
29923
29924
29925
29926
29929
2993
29931
29932
29935
29936
29937
29938
29941
29942
29943
29944
29946
29947
29948
29949
29950
29951
29953
29954
29955
29956
29957
29959
2996
29960
29961
29962
29963
29964
29965
29966
29967
29969
29971
29972
29973
29974
29975
29977
29978
2998
29980
29981
29982
29983
29984
29985
29986
29987
29988
2999
29990
29991
29993
29994
29995
29996
29997
29999
3
30
300
3000
30000
30001
30002
30003
30005
30006
30007
30008
30009
3001
30010
30013
30015
30016
30017
30018
30019
3002
30020
30021
30022
30023
30024
30026
30027
30028
30029
3003
30030
30033
30035
30037
30038
30039
3004
30042
30043
30044
30045
30047
30049
30051
30052
30053
30054
30055
30057
30058
30059
3006
30060
30061
30062
30063
30064
30065
30066
30067
30069
3007
30070
30071
30072
30073
30075
30076
30077
30078
3008
30080
30081
30082
30083
30084
30085
30087
30088
30089
3009
30090
30091
30092
30093
30094
30096
30097
30098
30099
3010
30100
30101
30102
30103
30104
30105
30106
30107
30108
30109
3011
30110
30111
30113
30114
30115
30117
30118
30119
30120
30121
30122
30123
30124
30125
30127
30128
30129
3013
30130
30131
30132
30133
30135
30137
30138
3014
30140
30141
30142
30143
30144
30145
30148
30149
3015
30151
30152
30154
30156
30157
30158
30159
3016
30160
30162
30163
30164
30165
30166
30167
3017
30170
30171
30172
30173
30174
30175
30176
30177
30178
30179
3018
30180
30181
30183
30184
30185
30186
30187
30188
30189
3019
30190
30192
30193
30194
30195
30196
30197
30198
30199
3020
30203
30204
30205
30206
30207
30208
3021
30210
30211
30212
30213
30214
30215
30216
30217
30218
30219
3022
30220
30221
30222
30223
30224
30225
30226
30228
30229
3023
30230
30231
30232
30233
30234
30235
30236
30237
30238
30239
3024
30240
30241
30242
30243
30244
30245
30246
30247
30248
30249
3025
30250
30251
30252
30253
30254
30255
30256
30257
30258
30259
3026
30260
30261
30262
30263
30264
30265
30266
30267
30268
30269
3027
30271
30274
30275
30276
30279
3028
30280
30281
30283
30285
30286
30287
3029
30293
30296
30299
30300
30302
30304
30305
3031
30313
30317
3032
30320
30321
30322
30323
30324
30325
30327
30328
30329
3033
30330
30331
30335
30336
30337
30338
3034
30340
30341
30342
30343
30344
30345
30346
30347
30349
3035
30350
30351
30352
30353
30354
30355
30356
30357
30358
30359
3036
30360
30361
30362
30364
30365
30367
30368
3037
30370
30371
30373
30374
30375
3038
30381
30382
30383
30386
30387
30388
30389
3039
30390
30391
30392
30393
30394
30395
30396
30397
30399
30400
30401
30402
30403
30404
30406
30407
30408
30409
3041
30411
30412
30413
30414
30415
30416
30418
30419
3042
30420
30421
30422
30423
30424
30425
30426
30427
30428
30429
3043
30432
30433
30434
30435
30436
30438
30439
3044
30440
30441
30442
30443
30445
30447
30448
3045
30451
30452
30453
30454
30455
30457
30458
30459
3046
30461
30462
30463
30464
30465
30467
30468
3047
30471
30472
30473
30474
30476
30477
30478
30479
3048
30480
30481
30482
30484
30485
30486
30487
30488
3049
30490
30491
30494
30495
30496
30497
30498
305
3050
30500
30501
30502
30503
30505
30506
30507
3051
30511
30512
30513
30514
30515
30516
30517
30518
30519
3052
30520
30521
30522
30523
30524
30525
30527
30528
30529
3053
30531
30532
30533
30534
30535
30536
30537
30539
3054
30540
30541
30542
30543
30544
30546
30547
30548
30549
3055
30550
30551
30555
30556
30557
30558
30559
3056
30560
30561
30562
30564
30566
30567
30568
30569
3057
30571
30573
30574
30575
30577
30578
30579
3058
30580
30581
30582
30583
30584
30585
30586
30587
30588
30589
3059
30590
30591
30592
30593
30594
30595
30596
30597
30598
30599
3060
30600
30601
30602
30603
30605
30606
30607
30608
30609
3061
30611
30612
30613
30614
30615
30616
30617
30618
30619
3062
30620
30621
30622
30623
30624
30625
30628
30629
3063
30630
30632
30634
30636
30637
30638
30639
3064
30641
30643
30647
30649
3065
30650
30652
30653
30654
30655
30656
30657
30658
30659
3066
30660
30662
30663
30664
30665
30666
30667
30669
3067
30670
30671
30673
30674
30675
30676
30677
30678
30679
3068
30680
30681
30682
30684
30685
30687
30688
30689
3069
30690
30691
30692
30693
30694
30695
30696
30698
307
3070
30700
30701
30702
30703
30704
30707
30708
30709
3071
30710
30711
30712
30713
30714
30715
30716
30717
30719
3072
30720
30722
30724
30725
30726
30727
30728
30729
3073
30730
30731
30732
30733
30734
30737
30738
30739
3074
30740
30741
30742
30743
30746
30747
30748
3075
30751
30752
30753
30755
30756
30757
30758
30759
3076
30760
30761
30762
30763
30764
30765
30767
30768
3077
30772
30774
30776
30777
30778
3078
30780
30782
30785
30786
30789
3079
30793
30798
30799
308
3080
30800
30801
30804
30806
3081
30811
30813
30814
30819
3082
30821
30828
3083
30832
30833
30836
3084
30846
30847
3085
30850
30853
30855
30856
30858
3086
30866
3087
30871
30872
30875
30876
30878
3088
30884
30885
30888
3089
30895
30896
309
3090
30900
30903
30904
30906
30908
3091
30910
30912
30913
30914
3092
30924
30925
30926
3093
30930
30931
30932
30933
30934
30935
30938
3094
30940
30941
30942
30944
30947
3095
30955
30958
3096
30964
30967
30982
30983
30987
30988
30989
30995
30997
31#1
310
3100
31001
31002
31004
31008
3101
31014
31016
31018
31019
3102
31020
31025
31026
31027
3103
31030
31031
31032
31033
31034
3104
31040
31046
31047
31048
3105
31050
31051
31053
31054
31057060
31058
3106
31060
31062
31063
31064
31065
31066
31067
31068
31069
3107
31070
31073
31074
31075
31076
31077
31078
31079
3108
31080
31081
31082
31083
31084
31085
31086
31087
31088
31089
3109
31090
31091
31092
31093
31094
31095
31097
31098
31099
311
3110
31100
31101
31102
31103
31104
31105
31106
31107
31108
3111
31110
31111
31112
31113
31114
31115
31116
31117
31118
31119
3112
31120
31121
31122
31123
31124
31125
31127
31129
3113
31130
31131
31132
31133
31134
31135
31136
31137
31138
3114
31140
31141
31143
31145
31146
31147
31148
31149
3115
31150
31151
31153
31154
31155
31156
31157
31158
31159
3116
31161
31162
31164
31165
31166
31167
31168
31169
3117
31170
31172
31173
31174
31175
31176
31177
31178
31179
31180
31181
31183
31184
31185
31188
31189
3119
31190
31191
31192
31193
31195
31196
31197
31198
312
3120
31200
31201
31202
31204
31206
31207
31208
31209
3121
31210
31211
31212
31213
31214
31215
31216
31217
31218
31219
3122
31220
31221
31222
31223
31224
31225
31227
31229
31230
31231
31233
31234
31235
31236
3124
31242
31243
31246
31247
31249
3125
31250
31251
31252
31253
31254
31255
31256
31257
31258
31259
3126
31261
31262
31263
31264
31265
31266
31267
31268
31269
3127
31271
31272
31273
31274
31277
31278
31279
3128
31280
31281
31282
31283
31284
31287
31289
3129
31290
31291
31292
31293
31294
31295
31296
31297
31298
31299
313
3130
31301
31304
31305
31306
31308
31309
3131
31311
31312
31313
31314
31315
31316
31318
3132
31320
31321
31323
31324
31326
31328
31329
3133
31332
31333
31334
31338
31339
3134
31340
31341
31342
31343
31345
31346
31349
3135
31352
31354
31355
31356
31357
31358
3136
31360
31362
31363
31364
31365
31366
31367
31369
3137
31370
31373
31374
31375
31376
31379
3138
31380
31381
31382
31383
31384
31387
31388
31389
3139
31391
31392
31393
31394
31395
31396
31397
31398
314
3140
31400
31401
31402
31403
31406
31407
31409
3141
31410
31411
31413
31414
31416
3142
31420
31421
31422
31423
31424
31425
31426
31427
31429
3143
31430
31431
31432
31433
31434
31435
31436
31438
31439
3144
31441
31442
31443
31445
31448
31449
3145
31453
31454
31455
31456
31457
31459
3146
31460
31462
31464
31468
31470
31471
31472
31474
31475
31476
31477
31478
31479
3148
31481
31482
31483
31484
31488
31489
3149
31490
31491
31492
31494
31495
31496
31497
31498
31499
315
3150
31501
31502
31503
31504
31505
31506
31507
31509
3151
31510
31512
31513
31514
31515
31516
31517
31518
31519
3152
31520
31521
31522
31523
31524
31527
31528
31529
3153
31530
31532
31535
31536
31537
31538
31539
3154
31540
31541
31542
31544
31545
31546
31547
31548
31549
3155
31550
31551
31552
31553
31556
3156
31560
31561
31563
31564
31566
31567
31568
31569
3157
31570
31571
31572
31573
31574
31575
31576
31577
31578
31579
3158
31580
31582
31583
31584
31585
31586
31587
31588
31589
3159
31590
31591
31592
31593
31594
31595
31596
31599
3160
31600
31602
31607
31609
3161
31611
31612
31613
31614
31615
31616
31617
31618
31619
3162
31620
31621
31622
31623
31624
31625
31626
31627
31628
31629
3163
31631
31633
31634
31635
31636
31637
31638
31639
3164
31640
31641
31643
31645
31649
3165
31650
31653
31654
31655
31659
3166
31660
31661
31662
31663
31665
31666
31667
3167
31672
31675
31676
31677
31678
3168
31680
31681
31682
31683
31684
31686
31687
31688
31689
3169
31691
31693
31695
31696
31698
31699
3170
31700
31702
31703
31704
31705
31706
31707
31708
31709
3171
31713
31716
31717
31718
31719
3172
31720
31723
31724
31725
31726
31727
31728
31729
3173
31730
31731
31732
31733
31734
31735
31736
31737
31739
3174
31741
31743
31744
31745
31746
31747
31748
31749
3175
31751
31752
31754
31756
31757
31758
31759
3176
31762
31763
31764
31765
31766
3177
31770
31771
31772
31774
31776
3178
31780
31782
31786
31787
31788
3179
31790
31792
31794
31795
31796
31798
318
3180
31800
31801
31802
31803
31806
31807
31808
31809
3181
31812
31813
31814
31818
31819
3182
31820
31822
31823
31824
31825
31826
31827
31828
31829
3183
31830
31831
31832
31833
31834
31835
31836
31837
31838
31839
3184
31840
31841
31842
31843
31844
31845
31846
31847
31848
3185
31850
31852
31853
31854
31858
3186
31861
31867
31868
3187
31870
31873
31874
31875
31876
31877
31878
3188
31880
31881
31882
31883
31884
31885
31886
31887
31888
3189
31891
31892
31893
31894
31895
31896
31897
31898
31899
319
3190
31900
31902
31903
31905
31906
31907
31908
31909
3191
31910
31913
31914
31915
31916
31917
31918
31919
3192
31920
31922
31923
31924
31925
31926
31927
31928
3193
31930
31931
31932
31933
31935
31936
31938
3194
31941
31942
31944
31945
31946
31947
31948
31949
31951
31952
31953
31954
31956
31958
31959
31960
31962
31963
31968
3197
31971
31973
31975
31976
31977
31978
31981
31982
31984
31985
3199
31990
31991
31992
31993
31994
31995
31996
31998
31999
32#1
320
3200
32000
32002
32003
32005
32006
32007
32009
3201
32011
32013
32016
32017
32019
3202
32020
32021
32023
32025
32026
32028
32029
3203
32030
32032
32033
32034
32035
32036
32037
32038
3204
32040
32041
32042
32043
32044
32046
32049
3205
32050
32051
32052
32053
32054
32055
32056
32057
32058
32059
3206
32060
32061
32063
32064
32066
32067
32068
3207
32070
32071
32072
32074
32075
32076
32077
32078
32079
3208
32080
32081
32082
32083
32084
3209
32090
32095
32096
32097
32098
32099
321
3210
32100
32101
32103
32104
32106
32107
32108
32109
3211
32110
32111
32112
32113
32114
32115
32116
32117
32118
32119
3212
32121
32122
32123
32124
32125
32126
32127
3213
32130
32131
32132
32133
32134
32135
32136
32137
32138
32139
3214
32140
32142
32143
32144
32145
32146
32147
32148
32149
3215
32150
32151
32155
32156
32157
32159
3216
32164
32166
32167
32169
3217
32170
32171
32172
32173
32174
32175
32176
32177
32179
32180
32181
32182
32184
32185
32188
32190
32191
32192
32193
32194
32195
32196
32197
32199
322
3220
32200
32201
32204
32205
32206
32208
32209
3221
32210
32211
32212
32213
32215
32216
32217
32218
32219
3222
32221
32222
32223
32225
32226
32227
32228
32229
3223
32230
32232
32234
32235
32236
32238
32239
3224
32240
32241
32242
32244
32246
32247
32248
3225
32250
32251
32252
32253
32254
32256
32257
32258
32259
3226
32260
32262
32263
32264
32265
32266
32268
3227
32270
32271
32275
32276
32277
3228
32280
32281
32282
32283
32284
32285
32287
32288
32289
3229
32290
32291
32293
32294
32295
32296
32297
32298
32299
3230
32300
32302
32303
32304
32305
32307
32308
32309
3231
32310
32311
32313
32314
32315
32316
32317
32318
32319
3232
32321
32322
32323
32324
32325
32327
32328
32329
3233
32330
32331
32335
32336
32337
32339
3234
32340
32342
32343
32344
32346
32347
32348
32349
3235
32350
32351
32352
32353
32354
32355
32357
32358
32359
3236
32360
32361
32362
32363
32364
32365
32366
32367
32368
3237
32370
32371
32374
32375
32376
32377
3238
32381
32382
32385
32386
32387
32388
3239
32392
32393
32394
32395
32396
32397
32398
32399
3240
32400
32401
32402
32403
32404
32405
32406
32407
32408
32409
3241
32410
32411
32412
32413
32414
32415
32417
32418
3242
32420
32421
32423
32424
32425
32426
32427
3243
32430
32431
32432
32434
32435
32436
32439
3244
32441
32442
32443
32445
32446
32447
32449
3245
32451
32452
32453
32455
32457
32458
32459
3246
32460
32461
32463
32464
32465
32466
32467
32469
3247
32470
32471
32472
32473
32474
32476
32477
32478
32479
3248
32482
32483
32484
32485
32487
32488
32489
32490
32491
32493
32494
32495
32496
32497
32498
32499
32501
32502
32504
32505
32508
32509
3251
32510
32513
32514
32515
32517
3252
32520
32521
32522
32523
32525
32526
32527
32529
3253
32530
32531
32532
32533
32534
32535
32536
32539
3254
32540
32541
32542
32545
32547
32548
32549
3255
32550
32551
32552
32553
32554
32555
32556
32557
32558
32559
3256
32560
32562
32563
32564
32565
32566
32567
32568
32569
3257
32570
32572
32573
32574
32575
32576
32578
3258
32580
32581
32584
32586
32587
3259
32593
32594
326
3260
32600
32601
32602
32603
32607
32608
3261
32613
32614
32615
32617
3262
32620
32626
3263
32631
32633
32634
32636
3264
32640
32642
32644
32647
32649
3265
32650
32653
32654
3266
32663
32665
32671
32673
32674
32675
32677
32678
3268
32683
32688
3269
32694
32695
32697
32698
327
3270
32704
32707
32708
32709
3271
32710
32711
32716
32717
32718
32719
3272
32720
32721
32722
32723
32724
32725
32726
32727
32728
32729
3273
32732
32738
3274
32740
32741
32742
32743
32745
32746
32747
32748
3275
32750
32751
32752
32753
32754
32758
32759
3276
32760
32761
32762
32763
32764
32765
32768
32769
3277
32772
32773
32774
32775
32776
32777
32778
32779
32780
32782
32783
32784
32785
32787
32788
32789
3279
32790
32791
32792
32793
32795
32796
32797
32799
3280
32800
32802
32803
32804
32805
32806
3281
32811
32812
32814
32815
32818
32819
3282
32820
32821
32822
32823
32824
32826
32828
32829
3283
32830
32831
32832
32833
32834
32836
32839
3284
32840
32841
32842
32844
32845
32846
32847
32849
32851
32855
32856
32858
32859
32865
32867
32868
32869
32870
32871
32872
32873
32874
32876
32877
32881
32885
32886
32887
32888
3289
32890
32891
32893
329
3290
32901
32903
32904
32905
32907
32908
3291
32912
32913
32916
32917
32918
32919
3292
32920
32921
32922
32923
32924
32926
32928
32929
3293
32930
32933
32935
32937
32938
32939
3294
32940
32942
32943
32945
32946
32948
32949
3295
32950
32951
32952
32955
32959
3296
32960
32962
32964
32965
32966
32967
32968
32969
3297
32970
32971
32972
32973
32974
32975
32977
32979
3298
32980
32982
32984
32986
32987
32988
32989
3299
32990
32992
32993
32994
32996
32997
32998
33#1
330
3300
33000
33002
33003
33004
33005
33006
33007
33008
33009
3301
33016
33018
33019
3302
33020
33021
33022
33023
33025
33026
33027
33028
33029
3303
33030
33031
33032
33033
33034
33035
33036
33037
33038
3304
33041
33042
33044
33048
3305
33050
33052
33053
33054
33055
33056
33058
3306
33060
33063
33064
33066
33069
3307
33071
33072
33073
33074
33075
33076
33077
33078
3308
33080
33081
33087
33089
3309
33090
33094
33095
33096
33099
3310
33100
33101
33102
33103
33104
33105
33106
33107
33108
3311
33110
33113
33114
33115
3312
33120
33123
33124
33125
33126
33127
33128
33129
3313
33130
33131
33132
33133
33136
33138
3314
33140
33141
33148
33149
3315
33151
33152
33156
33158
3316
33160
33161
33164
33165
33166
33167
33168
33169
3317
33170
33171
33174
33175
33176
33177
33178
33179
3318
33180
33181
33182
33187
33188
33189
3319
33190
33191
33192
33193
33194
33195
33196
33197
33198
33199
3320
33201
33202
33203
33204
33205
33206
33207
33208
33209
3321
33210
33211
33212
33214
33215
33219
3322
33220
33221
33226
33227
33228
33229
3323
33230
33231
33232
33233
33234
33235
33236
33237
33238
33239
3324
33240
33241
33242
33243
33246
33247
33249
3325
33250
33251
33253
33255
33256
33257
33258
33259
3326
33260
33261
33263
33264
33265
33266
33267
33268
3327
33272
33275
33277
33278
33279
3328
33280
33281
33282
33283
33284
33285
33288
33289
3329
33290
33291
33293
33294
33298
333
3330
33301
33304
33305
3331
33310
33311
33312
33313
33314
33316
33317
33318
33319
3332
33321
33322
33323
33324
33325
33326
33327
33328
33329
3333
33331
33333
33334
33337
33338
33339
3334
33340
33343
33344
33345
33348
3335
33350
33351
33352
33355
33356
33357
33358
33359
3336
33360
33361
33362
33363
33364
33365
33366
33367
33369
33369610
33369611
33369619
33369620
33369621
33369622
33369623
33369624
33369625
33369626
33369628
33369630
33369633
33369635
33369636
33369640
33369649
33369652
33369653
33369655
33369658
33369659
33369676
33369677
33369678
33369679
33369684
33369694
33369695
33369696
33369697
33369698
33369701
33369710
33369711
33369716
33369719
33369723
33369728
33369729
33369730
33369731
33369732
33369734
33369735
33369736
33369742
33369743
33369759
33369763
33369765
33369766
33369767
33369769
33369771
33369775
33369781
33369785
33369788
33369790
33369792
33369795
33369796
33369798
33369802
33369804
33369810
33369811
33369812
3337
33370
33371
33372
33373
33374
33375
33377
33378
33379
3338
33380
33381
33382
33383
33384
33385
33387
33388
3339
33390
33392
33393
33394
33396
33397
33398
33399
334
3340
33400
33401
33402
33404
33405
33406
33407
33408
33409
3341
33410
33411
33414
33416
33417
33418
33419
3342
33420
33423
33424
33425
33427
33429
33430
33431
33432
33433
33439
33440
33442
33444
33449
3345
33450
33458
33459
3346
33460
33463
33467
33468
33469
3347
33470
33471
33474
33476
33477
3348
33483
33485
3349
33497
335
3350
33501
33502
33505
33507
33508
3351
33512
33516
3352
33520
33522
33526
33528
33529
3353
33530
33533
33535
33536
33537
3354
33543
33546
3355
33551
33552
33553
33554
33557
33559
3356
33560
33567
33568
33569
3357
33570
33571
33574
33577
33579
3358
33580
33582
33583
33584
33585
33586
33588
33589
33590
33591
33592
33593
33594
33595
33596
33597
33598
33599
33601
33602
33603
33604
33605
33606
33607
33608
33609
3361
33610
33611
33612
33613
33614
33615
33616
33617
3362
33620
33621
33622
33623
33625
33626
33627
33628
33629
3363
33630
33631
33632
33633
33636
33638
3364
33642
33643
33644
33645
33648
33649
3365
33650
33651
33652
33654
33655
33656
33658
33659
3366
33660
33661
33664
33665
33667
33668
33669
3367
33670
33671
33672
33674
33675
33677
33678
33679
3368
33680
33681
33682
33683
33685
33687
33688
33689
3369
33691
33692
33693
33694
33695
33697
33698
3370
33700
33701
33703
33704
33705
33707
33708
33709
3371
33710
33711
33712
33713
33714
33715
33716
33717
33719
3372
33721
33722
33723
33724
33725
33727
33728
33729
3373
33730
33731
33733
33734
33735
33736
33737
3374
33740
33741
33742
33743
33746
33747
33748
33749
3375
33752
33753
33754
33755
33757
33758
33759
3376
33760
33761
33762
33763
33764
33765
33766
33767
33768
33769
3377
33770
33771
33772
33773
33775
33776
33777
33778
33779
3378
33782
33783
33784
33785
33786
33787
33788
33789
3379
33790
33791
33793
33796
33797
33798
33799
338
3380
33800
33801
33802
33803
33804
33805
33806
33807
33808
33809
3381
33810
33811
33813
33814
33816
33817
33818
33819
3382
33820
33821
33822
33823
33824
33825
33826
33829
33830
33832
33833
33834
33835
33836
33837
33838
33839
3384
33841
33842
33843
33844
33845
33846
33847
33848
33849
3385
33850
33851
33852
33853
33854
33855
33857
33858
33859
3386
33860
33861
33862
33863
33864
33865
33866
33867
33868
3387
33870
33871
33872
33873
33874
33875
33876
33877
3388
33880
33881
33883
33884
33885
33886
33887
3389
33890
33891
33892
33893
33894
33896
33897
33898
33899
339
3390
33900
33901
33902
33904
33905
33906
33908
33909
3391
33910
33911
33912
33913
33914
33915
33916
33917
33918
33919
3392
33920
33921
33922
33923
33924
33925
33927
33928
3393
33930
33932
33933
33934
33935
33936
33938
33939
3394
33940
33941
33942
33943
33945
33947
33948
33949
3395
33950
33954
33955
33956
33957
33958
33959
3396#1
33961
33962
33963
33964
33965
33967
33968
3397
33970
33971
33972
33974
33975
33976
33977
33978
33979
3398
33982
33983
33984
33986
33987
33988
33989
3399
33990
33991
33992
33993
33994
33995
33998
33999
34
3400
34000
34001
34002
34003
34005
34006
34007
34008
34009
3401
34010
34011
34012
34013
34014
34017
34018
34019
34020
34021
34022
34023
34024
34025
34026
34027
34028
34029
3403
34030
34031
34032
34033
34034
34035
34036
34037
34038
34040
34041
34042
34043
34046
34047
34048
34049
3405
34051
34053
34054
34055
34056
34057
34058
34059
3406
34060
34061
34062
34063
34064
34065
34066
34067
34068
34069
3407
34070
34071
34072
34073
34074
34077
34079
3408
34080
34081
34082
34083
34084
34085
34087
34088
34089
3409
34091
34092
34093
34094
34095
34096
34098
34099
341
3410
34100
34101
34102
34103
34104
34105
34106
34107
34108
34109
3411
34111
34112
34113
34114
34115
34116
34117
34118
34119
3412
34120
34121
34122
34124
34125
34126
34127
3413
34130
34131
34134
34135
34136
34137
34138
3414
34140
34142
34143
34144
34145
34146
34147
34148#1
34149
34151
34152
34153
34154
34155
34157
34158
34159
34160
34162
34163
34164
34165
34166
34167
34168
34169
34170
34171
34172
34173
34174
34175
34176
34178
3418
34180
34182
34183
34184
34186
34187
34188
34189
3419
34190
34191
34192
34193
34194
34195
34196
34197
34198
34199
3420
34200
34201
34202
34203
34204
34205
34206
34207
34208
34209
3421
34210
34211
34212
34216
34217
34218
34222
34223
34224
34226
34227
34228
34229
3423
34230
34231
34233
34234
34235
34236
34237
34238
34239
3424
34240
34241
34242
34243
34245
34246
34247
34249
34250
34251
34252
34253
34254
34255
34257
34258
34259
3426
34260
34261
34263
34264
34266
34267
34268
34271
34272
34273
34274
34276
34277
34278
34279
3428
34280
34281
34282
34283
34284
34285
34286
34287
34288
34289
3429
34290
34291
34292
34293
34294
34295
34297
3430
34303
34304
34306
34307
34308
3431
34310
34314
3432
34321
34322
34323
34326
3433
34331
34332
34338
3434
34341
34344
34349
3435
34351
34352
34354
34355
34356
34357
34359
3436
34362
34366
34368
3437
34371
34373
34374
34375
3438
34380
34382
3439
34394
34395
34399
34400
34403
34404
34409
3441
34412
34414
34415
34416
34417
34418
34419
3442
34421
34422
34423
34425
3443
34431
34433
34438
34439
3444
34440
34444
34446
34447
3445
34456
34458
34459
3446
34463
34465
34468
34469
3447
34470
34473
3448
34480
34484
3449
34490
34491
34492
34495
34497
34498
34499
345
3450
34504
34505
34506
34507
34508
34509
3451
34510
34512
34513
34514
34515
34516
34517
34518
34519
3452
34520
34522
34523
34524
34525
34527
34529
3453
34531
34532
34533
34534
34535
34536
34538
34540
34541
34542
34543
34544
34545
34546
34547
34549
3455
34552
34554
34556
34557
34558
34559
3456
34560
34561
34562
34563
34565
34566
34567
34568
3457
34570
34571
34572
34573
34575
34576
34577
34578
34579
34580
34581
34584
34585
34586
34587
34588
3459
34591
34592
34596
34597
346
34600
34602
34603
34604
34605
34606
34607
34609
3461
34611
34612
34613
34615
34617
34619
3462
34620
34622
34623
34624
34625
34626
34627
34628
34629
34630
34632
34633
34634
34636
34637
34639
3464
34640
34641
34642
34644
34645
34647
34648
3465
34650
34651
34652
34653
34654
34655
34656
34657
34658
34659
3466
34661
34663
34664
34665
34667
34668
34669
34670
34673
34674
34675
34676
34677
34678
34679
3468
34680
34681
34683
34684
34688
34689
3469
34691
34692
34693
34694
34695
34696
34697
34699
347
3470
34700
34701
34703
34704
34708
34709
3471
34710
34712
34713
34714
34715
34716
3472
34721
34722
34726
34727
34728
3473
34730
34733
34736
34738
34739
3474
34741
34742
34744
34745
3475
34754
34756
34757
34758
3476
34761
34762
34764
34768
3477
34774
34779
3478
34783
34789
3479
34791
34792
34796
34797
348
3480
34801
34802
34803
34805
34806
34808
3481
34810
34811
34812
34816
34817
34818
34819
3482
34820
34821
34822
34823
34824
34825
34826
34829
34830
34831
34832
34833
34835
34836
34838
34839
3484
34841
34842
34844
34845
34848
34849
34850
34852
34853
34854
34855
34856
34858
34859
3486
34860
34861
34863
34865
34866
34867
34868
34869
34871
34872
34873
34874
34875
34876
34877
34878
34880
34883
34884
34885
34887
34888
34889
3489
34891
34894
34895
34896
34898
34899
349
3490
34902
34903
34904
34905
34906
34908
3491
34912
34913
34919
3492
34920
34922
34923
34924
34925
34926
3493
34931
34932
34934
34935
34936
34938
34939
3494
34940
34941
34945
34946
34947
34948
34949
3495
34950
34952
34954
34956
34957
34958
34959
34960
34961
34962
34964
34965
34967
34968
34969
3497
34970
34971
34972
34974
34975
34976
34977
34979
3498
34980
34981
34982
34983
34984
34987
34988
34989
3499
34991
34994
34995
35
350
35000
35003
35004
35005
35006
35007
35009
3501
35010
35011
35012
35013
35014
35015
35016
3502
35021
35022
35023
35027
35029
3503
35031
35032
35033
35035
35037
35038
3504
35041
35042
35043
35045
35047
35048
35049
3505
35050
35051
35053
35054
35055
35056
35058
35059
3506
35060
35061
35062
35064
35065
35068
3507
35071
35072
35073
35074
35077
35078
35079
3508
35080
35081
35082
35083
35084
35086
35087
35089
3509
35090
35092
35095
35096
35097
35098
351
3510
35101
35102
35103
35105
35107
35108
35109
3511
35110
35113
35114
35115
35116
35118
3512
35120
35121
35122
35123
35124
35126
35127
35128
35129
3513
35130
35133
35134
35135
35138
35139
3514
35140
35141
35142
35144
35145
35146
35147
35148
3515
35150
35151
35154
35156
35157
35158
3516
35160
35161
35162
35164
35165
35166
35167
35169
3517
35170
35171
35172
35173
35174
35175
35176
35177
3518
35180
35181
35182
35183
35184
35186
35187
3519
35191
35192
35193
35194
35195
35196
35197
35198
35199
3520
35200
35201
35202
35203
35204
35205
35206
35207
35208
3521
35210
35211
35212
35213
35214
35215
35216
35217
35218
3522
35220
35221
35223
35224
35227
35228
35229
3523
35230
35233
35235
35236
3524
35241
35242
35243
35244
35245
35248
35249
3525
35251
35256
35259
3526
35260
35261
35262
35264
35266
35267
35268
3527
35270
35271
35272
35276
35277
3528
35285
35288
3529
35291
35293
35295
35296
353
3530
35300
35301
35302
3531
35313
35316
3532
3533
35335
35336
35338
35339
3534
35345
35346
35347
35348
3535
35352
35353
35354
35356
35357
3536
35360
35364
35366
35368
3537
35378
35379
3538
35380
35381
35382
35384
35385
35386
35387
35388
35389
3539
35390
35391
35392
35393
35394
35395
35396
35397
35398
35399
3540
35400
35401
35402
35403
35404
35405
35406
35407
35408
35409
35410
35411
35412
35413
35415
35416
35417
35418
35419
35421
35422
35426
35427
35428
35429
3543
35430
35431
35432
35433
35434
35435
35436
35437
35438
35439
35440
35442
35443
35444
35445
35446
35447
35448
3545
35450
35451
35452
35459
3546
35461
35462
35468
35469
3547
35470
35471
35476
35479
3548
35486
35489
3549
35493
35496
35498
355
3550
35502
35506
35507
3551
35510
35511
35513
35518
3552
35521
35523
35525
35526
3553
35530
35534
35535
35538
35539
3554
35540
35543
35546
3555
35550
35558
3556
35560
35561
35565
35566
35569
3557
35571
35572
35575
35577
35578
3558
35581
35585
35586
3559
35592
35595
35596
35597
35598
356
3560
35600
35601
35602
35603
35604
35606
35607
35608
3561
35610
35611
35613
35615
35616
35617
35618
3562
35620
35621
35622
35623
35626
35627
35628
35629
3563
35630
35632
35633
35634
35635
35636
35637
35638
35639
3564
35640
35641
35642
35643
35644
35646
35647
35648
3565
35650
35651
35652
35653
35655
35656
35657
35658
35659
3566
35662
35664
35665
35666
35667
35668
3567
35670
35672
35673
35674
35675
35676
35677
35678
35679
3568
35680
35681
35682
35683
35684
35685
35686
35687
35688
35689
3569
35690
35691
35692
35693
35694
35695
35696
35697
35698
35699
357
3570
35700
35701
35702
35703
35704
35705
35707
35708
35709
3571
35710
35711
35712
35713
35714
35715
35716
35717
35719
3572
35720
35721
35722
35723
35725
35726
35727
35728
35729
3573
35730
35731
35732
35733
35734
35735
35736
35737
35738
35739
3574
35740
35741
35742
35743
35744
35745
35746
35747
35748
35749
3575
35750
35751
35752
35753
35755
35756
35757
35758
35759
3576
35760
35761
35763
35764
35765
35766
35767
35768
35769
3577
35770
35772
35773
35775
35776
35777
35778
35779
3578
35780
35782
35784
35785
35786
35787
35788
35789
35790
35791
35793
35794
35797
35798
35799
358
35800
35801
35803
35804
35805
35806
35807
35808
35811
35812
35813
35815
35816
35817
35819
35820
35822
35823
35825
35826
35827
35828
35829
3583
35830
35832
35834
35835
35836
35837
35838
35839
3584
35840
35841
35842
35844
35846
35848
35849
3585
35850
35852
35854
35855
35856
35857
35858
35859
3586
35862
35865
35866
35868
3587
35871
35872
35874
35877
35878
35879
3588
35880
35881
35883
35884
35885
35886
35887
35888
35889
3589
35890
35891
35893
35896
35897
35898
35899
359
3590
35900
35904
35905
35906
35908
3591
35910
35911
35912
35914
35916
35917
35918
3592
35920
35922
35923
35924
35928
35929
3593
35930
35932
35935
35936
35939
3594
35941
35942
35945
35947
35948
35949
3595
35951
35952
35953
35954
35955
35956
35958
35959
35960
35961
35962
35964
35965
35966
35967
35968
35969
3597
35970
35971
35972
35973
35978
35979
3598
35983
35984
35985
35987
35989
3599
35990
35991
35992
35993
35994
35995
35996
35997
35998
35999
36
3600
36000
36001
36002
36003
36005
36006
36007
36008
36009
3601
36011
36012
36014
36015
36016
36017
36019
3602
36020
36021
36022
36025
36027
36028
3603
36031
36033
36034
36037
36038
36039
3604
36040
36041
36042
36043
36044
36045
36047
36049
3605
36050
36052
36053
36054
36056
36057
36058
36059
3606
36060
36061
36062
36064
36066
36067
36068
36069
3607
36070
36071
36072
36073
36074
36075
36076
36077
36078
36079
3608
36080
36082
36084
36085
36086
36089
3609
36090
36091
36092
36093
36095
36096
361
3610
36102
36105
3611
36111
36112
36113
36115
3612
36120
36121
36124
36126
36129
3613
36131
36132
36134
36139
3614
36140
36142
36144
36146
36147
3615
36150
36151
36154
36157
36158
36159
3616
36162
36163
36168
36169
3617
36170
36171
36173
36174
36175
36176
36177
36179
3618
36180
36181
36182
36185
36186
36187
36188
36189
3619
36190
36192
36194
36195
36196
36198
362
3620
36200
36201
36202
36204
36206
36207
36208
36209
3621
36210
36212
36213
36214
36215
36216
36218
36219
3622
36220
36221
36224
36225
36226
36227
3623
36230
36231
36232
36233
36236
36237
36238
36239
3624
36240
36241
36244
36245
36246
36247
36249
3625
36251
36253
36254
36255
36256
36258
36259
3626
36261
36262
36263
36265
36266
36267
36268
36269
3627
36270
36271
36272
36273
36274
36275
36276
36277
36278
36279
3628
36281
36282
36283
36284
36285
36286
36288
36289
3629
36291
36292
36293
36294
36295
36296
36297
36298
36299
363
3630
36300
36301
36302
36303
36304
36305
36306
36309
3631
36310
36311
36312
36314
36316
3632
36320
36321
36322
36325
36326
3633
36331
36332
36333
36334
36335
36337
36338
3634
36340
36342
36343
36344
36345
36346
36347
36348
36349
3635
36350
36351
36352
36353
36355
36357
3636
36360
36361
36363
36364
36365
36366
36367
36368
36369
3637
36370
36371
36373
36374
36376
36377
36378
36379
3638
36380
36382
36383
36384
36385
36387
36388
36389
3639
36390
36391
36393
36395
36396
36397
36398
36399
364
3640
36400
36403
36404
36406
36409
3641
36410
36412
36413
36414
36415
36416
36419
3642
36421
36422
36423
36424
36425
36426
36427
36429
3643
36430
36431
36432
36433
36436
36437
3644
36441
36442
36443
36444
36445
36446
36447
36448
36449
3645
36450
36451
36452
36453
36456
36457
36459
3646
36460
36462
36464
36467
36468
36469
3647
36470
36471
36472
36473
36475
36476
3648
36480
36482
36483
36486
36487
36488
36489
3649
36490
36491
36492
36493
36495
36496
36498
365
3650
36501
36502
36503
36504
36505
36506
36507
36508
3651
36511
36512
36513
36515
36516
36519
3652
36523
36524
36525
36526
36527
3653
36534
36535
36538
3654
36546
36547
3655
36551
36557
36559
3656
36562
36564
36567
36568
36569
3657
36570
36574
36579
3658
36580
36581
36587
36588
3659
36590
36591
36592
36593
36594
36597
36598
3660
36600
36601
36602
36603
36609
3661
36616
36618
36619
3662
36620
36624
36627
36629
3663
36632
36637
36639
3664
36640
36642
36645
36646
36648
36649
3665
36650
36651
36655
36657
36658
3666
36662
36665
36667
36668
36669
3667
36673
36674
36675
36676
36677
36678
36679
3668
36680
36681
36684
36685
36686
36688
3669
36690
36691
36692
36694
36696
36697
36699
367
3670
36700
36702
36703
36706
36707
36708
36709
3671
36710
36711
36713
36714
36715
36716
36717
36718
36719
3672
36720
36722
36723
36724
36725
36726
36727
36728
36729
3673
36730
36731
36732
36733
36734
36736
36737
36738
3674
36740#1
36742#1
36743#1
36744#1
36746#1
36747#1
36748#1
36749
3675
36750
36751
36752
36754
36755
36756
36757
36759
3676
36760
36761
36762
36763
36764
36765
36766
36767
36768
36769
3677
36770
36771
36772
36773
36774
36775
36776
36777
36779
3678
36780
36781
36782
36783
36785
36786
36787
36788
36789
3679
36791
36792
36793
36794
36795
36797
36798
36799
3680
36800
36801
36804
36806
36807
3681
36810
36811
36812
36813
36814
36816
36817
36819
3682
36821
36825
36826
36827
36828
3683
36830
36831
36833
36834
36835
36836
36837
36838
36839
3684
36840
36841
36843
36844
36845
36846
36849
3685
36850
36851
36852
36853
36855
36857
36858
3686
36861
36862
36863
36864
36866
36867
36868
36869
3687
36870
36871
36873
36874
36876
36877
36879
3688
36881
36882
36883
36884
36885
36887
36888
3689
36891
36892
36893
36894
36895
36897
36898
369
3690
36903
36904
36905
36906
36908
3691
36910
36911
36912
36917
36919
3692
36921
36922
36923
36924
36927
36928
36929
3693
36934
36936
36937
36939
3694
36940
36941
36942
36944
36946
36947
36948
3695
36950
36951
36952
36953
36954
36955
36956
36958
36959
3696
36960
36961
36962
36963
36964
36965
36967
36968
36969
3697
36973
36974
36975
36979
3698
36980
36981
36982
36983
36984
36985
36986
36987
36988
36989
3699
36990
36991
36994
36995
36996
36997
36998
36999
37
3700
37000
37001
37002
37004
37009
3701
37010
37011
37015
37016
37019
3702
37022
37024
37025
37027
37028
3703
37030
37031
37033
37034
37035
37036
37037
37038
37039
3704
37044
37045
37046
37048
37049
3705
37050
37051
37052
37054
37055
37056
37057
37058
3706
37060
37061
37062
37063
37064
37065
37066
37067
37068
37069
3707
37070
37071
37073
37075
37076
37077
37078
37079
3708
37080
37081
37082
37083
37085
37087
37088
3709
37092
37093
37094
37098
3710
37101
37104
37105
37106
37107
37108
37109
3711
37110
37112
37113
37114
37116
37117
37118
37119
3712
37121
37122
37123
37124
37126
37127
37128
37129
3713
37130
37131
37132
37133
37134
37135
37136
37137
37139
3714
37140
37141
37142
37143
37144
37146
37147
37148
37149
3715
37151
37152
37153
37154
37155
37157
37158
3716
37160
37161
37162
37163
37165
37166
37167
37169
37171
37172
37173
37175
37177
37178
37179
3718
37180
37181
37183
37185
37186
37187
37189
3719
37191
37192
37193
37195
37196
37197
37198
37199
372
3720
37201
37203
37204
37205
37209
3721
37210
37211
37215
37216
37217
3722
37220
37222
37223
37226
37228
37229
3723
37230
37231
37232
37233
37234
37235
37236
37237
37238
37239
3724
37240
37241
37242
37243
37244
37245
37246
37247
37248
37249
3725
37251
37252
37254
37255
37257
37258
3726
37260
37262
37263
37264
37267
37268
37269
3727
37270
37272
37274
37275
37276
37277
37278
37279
3728
37280
37281
37285
37286
37287
37288
37289
3729
37291
37292
37293
37294
37295
37296
37297
37298
37299
373
3730
37300
37303
37304
37305
37306
37307
37308
3731
37310
37312
37313
37314
37315
37318
37319
3732
37320
37322
37323
37324
37325
37326
37327
37329
3733
37330
37332
37333
37334
37336
37337
37338
37339
3734
37341
37342
37343
37344
37345
37347
37348
37349
3735
37351
37352
37353
37354
37355
37356
37357
37358
37359
3736
37360
37361
37363
37365
37366
37367
37369
3737
37370
37371
37372
37373
37375
37376
37377
37378
37379
3738
37380
37381
37382
37383
37384
37385
37386
37387
37388
3739
37391
37392
37393
37394
37396
37397
37398
374
3740
37400
37402
37403
37404
37405
37407
37409
3741
37410
37411
37412
37413
37414
37415
37417
37418
37419
3742
37420
37421
37422
37423
37424
37425
37426
37427
37428
37429
3743
37430
37431
37433
37434
37436
37437
37438
37439
3744
37441
37443
37444
37445
37446
37447
37448
37449
3745
37450
37452
37453
37454
37455
37456
37457
37458
37459
3746
37460
37461
37463
37464
37465
37467
37468
37469
3747
37470
37471
37472
37473
37474
37475
37476
37477
37478
37479
3748
37480
37481
37482
37483
37485
37486
37489
3749
37491
37492
37495
37497
37498
37499
375
3750
37503
37504
37505
37508
37509
3751
37510
37511
37512
37515
37516
37517
37518
37519
3752
37520
37521
37522
37523
37524
37525
37526
37527
37528
37529
3753
37531
37532
37533
37534
37535
37536
3754
37540
37542
37547
3755
37550
37555
37556
37558
37559
3756
37561
37562
37568
3757
37574
37578
3758
37587
37588
37589
376
37601
37602
37606
37609
37610
37611
37612
37614
37616
37617
37618
37619
3762
37620
37621
37622
37623
37624
37627
37629
37632
37634
37635
37636
37637
37638
37639
37640
37641
37642
37643
37644
37647
37648
37649
37653
37654
37655
37656
37657
37658
3766
37660
37663
37665
37668
37669
3767
37671
37672
37673
37674
37675
37676
37677
37678
37679
3768
37680
37681
37682
37683
37684
37685
37687
37688
3769
37690
37691
37693
37694
37696
37697
37698
37699
377
3770
37700
37701
37702
37703
37705
37706
37707
37709
3771
37711
37713
37714
37716
37717
37718
37719
3772
37720
37721
37723
37724
37726
37727
37729
3773
37731
37732
37733
37734
37735
37736
37737
37739
3774
37740
37741
37742
37743
37745
37746
37747
37748
37749
3775
37750
37751
37752
37753
37754
37755
37756
37757
37759
3776
37760
37761
37764
37769
3777
37770
37771
37772
37776
37777
37778
3778
37781
37782
37783
37784
37785
37786
37788
3779
37790
37792
37793
37794
37795
37797
37798
37799
378
3780
37800
37801
37802
37803
37806
37807
37808
37809
3781
37810
37811
37812
37813
37815
37816
37817
37818
37819
3782
37820
37823
37826
37828
37829
3783
37830
37832
37833
37834
37835
37837
37838
37839
3784
37840
37841
37842
37843
37844
37845
37846
37848
37849
3785
37852
37853
37854
37857
37859
3786
37860
37861
37862
37863
37864
37865
37866
37867
37868
37869
3787
37872
37873
37874
37876
37878
3788
37880
37882
37883
37884
37885
37886
37888
37889
3789
37891
37893
37894
37895
37896
37897
379
3790
37900
37901
37902
37903
37904
37905
37906
37907
37908
37909
3791
37910
37911
37913
37915
37916
37917
3792
37923
37925
37926
37928
37929
3793
37930
37932
37933
37935
37937
37938
37939
3794
37940
37941
37944
37945
37947
37948
37949
37952
37953
37956
37957
37958
37959
3796
37960
37962
37963
37964
37967
37968
37969
3797
37970
37972
37973
37975
37976
37977
37978
3798
37980
37982
37984
37988
3799
37991
37993
37995
37996
37997
37998
37999
38
380
38000
38001
38003
38004
38005
38007
38008
38009
38011
38012
38013
38014
38015
38016
38017
38018
38019
3802
38020
38022
38023
38024
38025
38026
38028
38029
3803
38030
38033
38034
38036
38037
38039
3804
38041
38042
38043
38044
38045
38047
3805
38051
38052
38053
38054
38055
38057
38058
38059
3806
38060
38062
38063
38064
38065
38066
38068
3807
38070
38071
38072
38074
38075
38076
38077
38078
3808
38080
38082
38083
38084
38085
38087
38088
38089
3809
38090
38091
38092
38093
38094
38095
38096
38097
38098
38099
381
3810
38100
38101
38102
38103
38104
38105
38106
38107
38108
38109
3811
38111
38112
38113
38114
38116
38117
38118
38119
3812
38120
38121
38122
38123
38124
38125
38126
38127
38128
38129
3813
38131
38132
38133
38134
38135
38136
38137
38138
38139
38140
38141
38142
38143
38144
38145
38146
38147
38148
38149
3815
38150
38151
38153
38154
38155
38156
38158
3816
38160
38161
38162
38165
38166
38167
38168
3817
38172
38173
38177
3818
38180
38181
38183
38184
38186
38187
38188
3819
38191
38194
38198
382
3820
38208
3821
38210
38211
38212
38215
3822
38220
38221
38223
38225
38226
38227
38228
38229
3823
38231
38235
3824
38241
38243
3825
38254
38255
38256
38257
38259
3826
38260
38261
38262
38266
38267
38268
38269
3827
38270
38271
38274
38277
38278
38279
3828
38281
38282
38286
38287
38289
3829
38290
38291
38292
38293
38294
38295
38297
38298
38299
3830
38301
38302
38303
38304
38305
38306
38307
38308
38309
3831
38310
38311
38313
38315
38316
38317
38318
38319
3832
38320
38321
38322
38323
38324
38325
38326
38327
38329
3833
38330
38332
38333
38334
38335
38336
38337
38338
38339
3834
38340
38343
38344
38345
38346
38347
38349
3835
38350
38351
38352
38355
38356
38357
38358
38359
3836
38361
38362
38363
38364
38365
38367
38369
3837
38370
38373
38375
38377
38379
3838
38380
38385
38386
38387
38388
3839#1
38391
38392
38393
38394
38395
38397
38398
38399
3840
38400
38401
38402
38403
38404
38407
38408
38409
3841
38410
38411
38413
38416
38417
38418
38419
3842
38420
38421
38422
38425
38426
38427
38429
3843
38430
38431
38434
38435
38438
38439
3844
38440
38441
38443
38444
38445
38446
38447
3845
38450
38451
38452
38453
38455
38457
38458
38459
3846
38462
38463
38464
38465
38468
3847
38470
38471
38472
38479
3848
38480
38481
38484
38485
38486
38487
38488
38489
3849
38490
38491
38492
38493
38494
38495
38496
38497
38498
38499
385
3850
38500
38501
38502
38503
38504
38505
38506
38508
38509
3851
38510
38511
38512
38513
38514
38515
38517
38519
3852
38520
38521
38522
38523
38525
38526
38527
38528
38529
3853
38530
38531
38532
38533
38534
38535
38536
38537
38538
38539
3854
38540
38544
38545
38546
38548
3855
38551
38552
38554
38555
38556
38557
38558
3856
38560
38561
38562
38563
38564
38565
38567
38568
3857
38570
38571
38573
38574
38575
38576
38579
3858
38580
38581
38582
38584
38585
38588
38589
3859
38590
38592
38593
38594
38595
38596
38597
38598
38599
386
3860
38600
38602
38603
38605
38606
38607
38608
38609
3861
38610
38611
38612
38613
38614
38615
38616
38617
38618
3862
38621
38624
38625
3863
38632
38634
38636
3864
38641
38642
3865
38650
38651
38656
38657
38659
3866
38660
38662
38663
38664
38666
38668
38669
3867
38672
38674
38675
38678
3868
38680
38682
38685
38686
38688
38689
3869
38691
38694
38695
38696
38697
38698
38699
387
3870
38700
38701
38703
38704
38705
38706
38707
38708
38709
3871
38710
38711
38712
38713
38714
38715
38716
38718
38719
3872
38720
38721
38723
38724
38725
38726
38727
38728
38729
3873
38731
38732
38733
38734
38735
38736
38737
38738
38739
3874
38740
38742
38743
38744
38745
38746
38747
38748
38749
3875
38750
38751
38752
38753
38754
38755
38756
38758
38759
3876
38760
38761
38763
38765
38767
38768
3877
38770
38772
38773
38774
38775
38776
38777
38778
38779
3878
38780
38782
38785
38787
38788
3879
38790
38793
38795
38796
38797
38800
38801
38802
38803
38804
38807
38808
38809
3881
38810
38811
38813
38814
38815
38816
38818
3882
38823
38824
38825
38826
38827
38829
3883
38830
38831
38833
38839
3884
38840
38841
38842
38845
38847
38848
38849
3885
38853
38856
3886
38860
38863
38864
38865
38868
38869
3887
38872
38877
3888
38882
38883
38885
38888
38889
3889
38891
38898
3890
38901
38903
38904
3891
38910
38912
3892
38920
38921
38927
38929
3893
38935
3894
38940
38941
38946
38947
38948
3895
38954
38955
38956
38957
3896
38963
3897
38974
38975
38979
3898
38980
38981
38983
38986
38987
38989
3899
38990
38994
38995
38996
38998
39
390
3900
39000
39001
39002
39004
39005
39006
39007
39008
39009
3901
39010
39011
39012
39014
39016
39017
39018
3902
39020
39021
39023
39024
39026
39028
39029
3903
39030
39032
39034
39035
39036
39038
39039
3904
39041
39042
39044
39047
39048
39049
3905
39050
39051
39052
39053
39054
39055
39056
39057
39058
3906
39060
39061
39063
39065
39066
39067
39068
39069
3907
39070
39071
39072
39073
39074
39075
39077
39078
39079
3908
39080
39081
39083
39084
39085
39086
39087
39089
3909
39090
39091
39092
39093
39094
39096
39097
39098
39099
391
3910
39102
39103
39104
39108
39109
3911
39110
39111
39115
39116
39117
39118
39119
3912
39120
3914
39140
39141
39142
39143
39144
39145
39146
39149
3915
39150
39151
39152
39153
39156
39157
39159
3916
39160
39161
39162
39163
39164
39165
39166
39167
39168
39169
3917
39175
39176
39179
3918
39180
39181
39182
39184
39186
39187
39188
39189
3919
39191
39192
39193
39195
39196
39197
39198
39199
392
3920
39200
39201
39203
39204
39205
39206
39209
3921
39211
39212
39213
39214
39216
39217
39218
3922
39220
39222
39223
39226
39227
39229
3923
39230
39231
39232
39234
39235
39236
39237
39238
39239
3924
39240
39241
39242
39243
39244
39245
39246
39247
39249
3925
39250
39251
39252
39254
39255
39256
39257
39258
39259
3926
39260
39261
39262
39263
39266
39267
39268
39269
3927
39272
39274
39277
39278
3928
39280
39282
39284
39285
39286
39289
39290
39292
39293
39296
39297
39298
39299
393
3930
39302
39303
39306
39308
39309
3931
39310
39311
39312
39313
39317
39318
39319
3932
39320
39322
39324
39325
39326
39327
39328
39329
3933
39330
39331
39332
39333
39334
39335
39339
39340
39341
39342
39344
39346
39348
39349
39350
39351
39356
39357
39358
39359
3936
39360
39363
39364
39365
39366
39367
39368
39369
39370
39378
39379
3938
39380
39385
39386
39387
39388
3939
39392
39393
39396
39397
39398
394
3940
39400
39401
39402
39403
39405
39407
39412
39413
39414
39415
39417
39418
39419
39421
39426
39427
39428
39429
3943
39430
39431
39433
39434
39438
3944
39441
39443
39444
39445
39446
39448
39449
3945
39450
39451
39454
39455
39457
39458
39459
3946
39460
39461
39463
39465
39466
39468
39469
3947
39470
39472
39474
39475
39476
39477
39478
3948
39480
39481
39483
39484
39488
39489
3949
39490
39493
39494
39495
39496
39497
39498
39499
395
3950
39500
39501
39503
39504
39505
39509
3951
39510
39511
39512
39513
39514
39515
39516
39518
3952
39520
39521
39524
39525
39527
3953
39530
39531
39533
39534
39536
39537
39538
39539
3954
39540
39541
39542
39543
39544
39547
39549
3955
39554
39555
39556
39557
39558
3956
39561
39562
39563
39565
39566
39569
3957
39570
39571
39572
39573
39574
39575
39576
39577
39578
39579
3958
39580
39582
39583
39584
39585
39586
39587
39588
39589
3959
39590
39591
39592
39594
39596
39599
396
3960
39600
39601
39602
39603
39604
39605
39606
39607
39608
39609
3961
39610
39611
39612
39613
39615
39616
39617
39618
39619
39620
39621
39622
39623
39624
3963
39632
39633
39634
39635
39637
39639
3964
3965
39654
39656
39659
39660
39661
39663
39664
39665
39667
3967
39670
39673
39678
3968
39683
39684
39688
39697
39698
397
3970
39700
39701
39702
39703
39704
39706
39707
39708
39709
3971
39710
39711
39712
39714
39715
39716
39717
39718
3972
39720
39721
39722
39723
39724
39726
39727
39729
39730
39731
39732
39733
39734
39736
39738
39739
3974
39740
39742
39743
39744
39745
39746
39747
39749
3975
39750
39751
39752
39754
39755
39756
39757
39758
39759
3976
39760
39761
39762
39764
39767
39768
3977
39770
39771
39772
39773
39774
39775
39777
39778
39779
3978
39780
39781
39782
39784
39785
39787
39788
3979
39790
39791
39792
39793
39795
39797
39798
39799
398
3980
39801
39802
39803
39804
39805
39806
39807
3981
39810
39811
39812
39813
39814
39816
39817
39818
3982
39820
39821
39822
39823
39824
39827
39828
3983
39830
39832
39833
39834
39835
39836
39837
39838
39840
39841
39842
39845
39847
3985
39850
39852
39854
39855
3986
39860
39862
39863
39865
39868
3987
39871
3988
39885
39887
39888
3989
39890
39893
39897
399
3990
39900
39901
39903
39908
39909
3991
39913
39914
39919
3992
39925
39926
3993
39931
39932
39937
39938
3994
39943
39944
39949
3995
39950
39955
39956
3996
39967
39968
3997
39973
39974
39979
3998
39980
39985
39987
39988
39989
3999
39990
39993
39994
39995
39996
39999
4
400
4000
40000
40003
40005
40006
40009
4001
40010
40011
40012
40013
40015
40016
40018
40019
4002
40020
40022
40023
40024
40026
40027
4003
40030
40031
40032
40033
40035
40036
40037
40038
40039
4004
40041
40042
40043
40044
40047
40048
4005
40050
40051
40054
40057
40058
40059
4006
40061
40063
40064
40066
40069
40070
40071
40072
40073
40074
40075
40076
40077
40079
40080
40081
40082
40083
40084
40085
40086
40087
40088
40089
4009
40090
40092
40093
40094
40096
40097
401
4010
40100
40101
40102
40103
40104
40105
40106
40107
40108
4011
40112
40113
40114
40115
40116
40118
40119
4012
40124
40125
40126
40127
40128
40130
40131
40132
40133
40134
40135
40137
40138
40139
40140
40141
40142
40144
40146
40147
40148
40149
4015
40150
40151
40152
40153
40154
40155
40157
40158
40159
4016
40161
40162
40163
40164
40165
40166
40167
40168
40169
40170
40171
40172
40174
40176
40177
40178
40179
40180
40182
40184
40185
40186
40188
40189
4019
40190
40191
40193
40194
402
4020
40201
40202
40203
40204
40205
40207
40208
40209
40210
40211
40212
40213
40217
40220
40221
40222
40223
40225
40226
40227
40228
40231
40232
40233
40234
