86004
86005
86006
8601
86011
86012
86013
86014
86015
86016
86017
86018
86019
86020
86021
86022
86023
86024
86025
86026
86027
86028
86029
86030
86031
86032
86033
86034
86035
86036
86037
86038
86039
8604
86040
86041
86042
86043
8605
86055
8606
86063
86064
86065
86066
86067
86068
86069
8607
86070
86071
86072
86074
86075
86076
86077
86078
86079
86080
86081
86082
86083
86084
86085
86086
86087
86088
86089
86090
86091
86092
86093
86094
86095
86096
86097
86098
86099
8610
86100
86101
86102
86103
86104
86105
86106
86107
86108
86109
8611
86110
86111
86112
86113
86114
86115
86116
86117
86118
86119
8612
86120
86121
86122
86123
86124
86125
86126
86127
86128
86129
86130
86131
86132
86133
86134
86135
86136
86137
86138
86139
86140
86141
86142
86143
86144
86145
86146
86147
86148
86149
86150
86151
86152
86153
86154
86155
86156
86157
86158
86159
86160
86161
86162
86163
86164
86165
86166
86167
86168
86169
8617
86170
86171
86172
86173
86174
86175
86176
86177
86178
86179
8618
86180
86181
86182
86183
86184
86185
86186
86187
86188
86189
8619
86190
86191
86192
86193
86194
86195
86196
86197
86198
86199
862
86200
86201
86202
86203
86204
86205
86206
86207
86208
86209
8621
86210
86211
86212
86213
86214
86215
86216
86217
86218
86219
86220
86221
86222
86223
86224
86225
86226
86227
86228
86229
8623
86230
86231
86232
86233
86234
86235
86236
86237
86238
86239
8624
86240
86241
86242
86243
86244
86245
86246
86247
86248
86249
86250
86251
86252
86253
86254
86255
86256
86257
86258
86259
86260
86261
86262
86263
86264
86265
86266
86267
86268
86269
8627
86270
86271
86272
86273
86274
86275
86276
86277
86278
86279
8628
86280
86281
86282
86283
86284
86285
86286
86287
86288
86289
8629
86290
86291
86292
86293
86294
86295
86296
86297
86298
86299
863
8630
86300
86301
86302
86303
86304
86305
86306
86307
86308
86309
86310
86311
86312
86313
86314
86315
86316
86317
86318
86319
86320
86321
86322
86323
86324
86325
86326
86327
86328
86329
8633
86330
86331
86332
86333
86334
86335
86336
86337
86338
86339
8634
86340
86341
86342
86343
86344
86345
86346
86347
86348
86349
8635
86350
86351
86352
86353
86354
86355
86356
86357
86358
86359
8636
86360
86361
86362
86363
86364
86365
86366
86367
86368
86369
86370
86371
86372
86373
86374
86375
86376
86377
86378
86379
86380
86381
86382
86383
86384
86385
86386
86387
86388
86389
8639
86390
86391
86392
86393
86394
86395
86396
86397
86398
86399
864
8640
86400
86401
86402
86403
86404
86405
86406
86407
86408
86409
8641
86410
86411
86412
86413
86414
86415
86416
86417
86418
86419
8642
86420
86421
86422
86423
86424
86425
86426
86427
86428
86429
8643
86430
86431
86432
86433
86434
86435
86436
86437
86438
86439
86440
86441
86442
86443
86444
86445
86446
86447
86448
86449
8645
86450
86451
86452
86453
86454
86455
86456
86457
86458
86459
8646
86460
86461
86462
86463
86464
86465
86466
86467
86468
86469
8647
86470
86471
86472
86473
86474
86475
86476
86477
86478
86479
8648
86480
86481
86482
86483
86484
86485
86486
86487
86488
86489
8649
86490
86491
86492
86493
86494
86495
86496
86497
86498
86499
8650
86500
86501
86502
86503
86504
86505
86506
86507
86508
86509
8651
86510
86511
86512
86513
86514
86515
86516
86517
86518
86519
8652
86520
86521
86522
86523
86524
86525
86526
86527
86528
86529
8653
86530
86531
86532
86533
86534
86535
86536
86537
86538
86539
8654
86540
86541
86542
86543
86544
86545
86546
86547
86548
86549
8655
86550
86551
86552
86553
86554
86555
86556
86557
86558
86559
8656
86560
86561
86562
86563
86564
86565
86566
86567
86568
86569
8657
86570
86571
86572
86573
86574
86575
86576
86577
86578
86579
8658
86580
86581
86582
86583
86584
86585
86586
86587
86588
86589
8659
86590
86591
86592
86593
86594
86595
86596
86597
86598
86599
866
8660
86600
86601
86602
86603
86604
86605
86606
86607
86608
86609
8661
86610
86611
86612
86613
86614
86615
86616
86617
86618
86619
8662
86620
86621
86622
86623
86624
86625
86626
86627
86628
86629
8663
86630
86631
86632
86633
86634
86635
86636
86637
86638
86639
8664
86640
86641
86642
86643
86644
86645
86646
86647
86648
86649
8665
86650
86651
86652
86653
86654
86655
86656
86657
86658
86659
8666
86660
86661
86662
86663
86664
86665
86666
86667
86668
86669
8667
86670
86671
86672
86673
86674
86675
86676
86677
86678
86679
8668
86680
86681
86682
86683
86684
86685
86686
86687
86688
86689
8669
86690
86692
86693
86694
86695
86696
86697
86698
86699
867
8670
86700
86701
86702
86703
86704
86705
86706
86707
86708
86709
8671
86710
86711
86712
86713
86714
86715
86716
86717
86718
86719
8672
86720
86721
86722
86723
86724
86725
86726
86727
86728
86729
8673
86730
86731
86732
86733
86734
86735
86736
86737
86738
86739
8674
86740
86741
86742
86743
86744
86745
86746
86747
86748
86749
8675
86750
86751
86752
86753
86755
86757
86758
86759
8676
86760
86762
86763
86764
86765
86766
86767
86768
86769
8677
86770
86771
86772
86773
86774
86775
86776
86777
86778
86779
8678
86780
86781
86782
86783
86784
86785
86786
86787
86788
86789
8679
86790
86791
86792
86793
86794
86795
86796
86797
86798
868
86802
86803
86804
86805
86806
86807
86808
86809
8681
86810
86811
86812
86813
86815
86816
86817
86818
86819
86820
86821
86822
86823
86824
86825
86826
86827
86828
86829
8683
86830
86831
86832
86833
86834
86835
86836
86837
86838
86839
8684
86840
86841
86842
86843
86844
86845
86846
86847
86848
86849
8685
86850
86851
86852
86853
86854
86855
86856
86857
86858
86859
86860
86861
86862
86863
86864
86865
86866
86867
86868
86869
8687
86870
86871
86872
86873
86874
86875
86876
86877
86878
86879
8688
86880
86881
86882
86883
86884
86885
86886
86887
86888
86889
8689
86890
86891
86892
86893
86894
86895
86896
86897
86898
86899
869
8690
86900
86901
86902
86903
86904
86905
86906
86907
86908
86909
8691
86910
86911
86912
86913
86914
86915
86916
86917
86918
86919
86920
86921
86922
86923
86924
86925
86926
86927
86928
86929
86930
86931
86932
86933
86934
86935
86936
86937
86938
86939
8694
86940
86941
86942
86943
86944
86945
86946
86947
86948
86949
8695
86950
86951
86952
86953
86954
86955
86956
86957
86958
86959
8696
86960
86961
86962
86963
86964
86965
86966
86967
86968
86969
8697
86970
86971
86972
86973
86974
86975
86976
86977
86978
86979
8698
86980
86981
86982
86983
86984
86985
86986
86987
86988
86989
86990
86991
86992
86993
86994
86995
86996
86997
86998
86999
87
870
8700
87000
87001
87002
87003
87004
87005
87006
87007
87008
87009
8701
87010
87011
87012
87013
87014
87015
87016
87017
87018
87019
87020
87021
87022
87023
87024
87025
87026
87027
87028
87029
8703
87030
87031
87032
87033
87034
87035
87036
87037
87038
87039
8704
87040
87041
87042
87043
87044
87045
87046
87047
87048
87049
8705
87050
87051
87052
87053
87054
87055
87056
87057
87058
87059
87060
87061
87062
87063
87064
87065
87066
87067
87068
87069
8707
87070
87071
87072
87073
87074
87075
87076
87077
87078
87079
8708
87080
87081
87082
87083
87084
87085
87086
87087
87088
87089
8709
87090
87091
87092
87093
87094
87095
87096
87097
87098
87099
871
8710
87100
87101
87102
87103
87104
87105
87106
87107
87108
87109
87110
87111
87112
87113
87114
87115
87116
87117
87118
87119
8712
87120
87121
87122
87123
87124
87125
87126
87127
87128
87129
8713
87130
87131
87132
87133
87134
87135
87136
87137
87138
87139
8714
87140
87141
87142
87143
87144
87145
87146
87147
87148
87149
87150
87151
87152
87153
87154
87155
87156
87157
87158
87159
8716
87160
87161
87162
87163
87164
87165
87166
87167
87168
87169
8717
87170
87171
87172
87173
87174
87175
87176
87177
87178
87179
87180
87181
87182
87183
87184
87185
87186
87187
87188
87189
8719
87190
87191
87192
87193
87194
87195
87196
87197
87198
87199
872
8720
87200
87201
87202
87203
87204
87205
87206
87207
87208
87209
87210
87211
87212
87213
87214
87215
87216
87217
87218
87219
87220
87221
87222
87223
87224
87225
87226
87227
87228
87229
8723
87230
87231
87232
87233
87234
87235
87236
87237
87238
87239
87240
87241
87242
87243
87244
87245
87246
87247
87248
87249
8725
87250
87251
87252
87253
87254
87255
87256
87257
87258
87259
8726
87260
87261
87262
87263
87264
87265
87266
87267
87268
87269
8727
87270
87271
87272
87273
87274
87275
87276
87277
87278
87279
8728
87280
87281
87282
87283
87284
87285
87286
87287
87288
87289
8729
87290
87291
87292
87293
87294
87295
87296
87297
87298
87299
87300
87301
87302
87303
87304
87305
87306
87307
87308
87309
8731
87310
87311
87312
87313
87314
87315
87316
87317
87318
87319
8732
87320
87321
87322
87323
87324
87325
87326
87327
87328
87329
8733
87330
87331
87332
87333
87334
87335
87336
87337
87338
87339
8734
87340
87341
87342
87343
87344
87345
87346
87347
87348
87349
8735
87350
87351
87352
87353
87354
87355
87356
87357
87358
87359
87360
87361
87362
87363
87364
87365
87366
87367
87368
87369
8737
87370
87371
87372
87373
87374
87375
87376
87377
87378
87379
8738
87380
87381
87382
87383
87384
87385
87386
87387
87388
87389
8739
87390
87391
87392
87393
87394
87395
87396
87397
87398
87399
874
8740
87400
87401
87402
87403
87404
87405
87406
87407
87408
87409
8741
87410
87411
87412
87413
87414
87415
87416
87417
87418
87419
87420
87421
87422
87423
87424
87425
87426
87427
87428
87429
8743
87430
87431
87432
87433
87434
87435
87436
87437
87438
87439
8744
87440
87441
87443
87444
87445
87446
87447
87448
87449
8745
87450
87451
87452
87453
87454
87455
87456
87457
87458
87459
8746
87460
87461
87462
87463
87464
87465
87466
87467
87468
87469
8747
87470
87471
87472
87473
87474
87475
87476
87477
87478
87479
87480
87481
87482
87483
87484
87485
87486
87487
87488
87489
8749
87490
87491
87492
87493
87494
87495
87496
87497
87498
87499
875
8750
87500
87501
87502
87503
87504
87505
87506
87507
87508
87509
8751
87510
87511
87512
87513
87514
87515
87516
87517
87518
8752
87521
87522
87523
87524
87525
87526
87527
87528
87529
8753
87530
87531
87532
87533
87534
87535
87536
87537
87538
87539
87540
87541
87542
87543
87544
87545
87546
87547
87548
87549
8755
87550
87551
87552
87553
87554
87555
87556
87557
87558
87559
8756
87560
87561
87562
87563
87564
87565
87566
87567
87568
87569
8757
87570
87571
87572
87573
87574
87575
87576
87577
87578
87579
8758
87580
87581
87582
87583
87584
87585
87586
87587
87588
87589
8759
87590
87591
87592
87593
87594
87595
87596
87597
87598
87599
876
87600
87601
87602
87603
87604
87605
87606
87607
87608
87609
8761
87610
87611
87612
87613
87614
87615
87616
87617
87618
87619
8762
87620
87621
87622
87623
87624
87625
87626
87627
87628
87629
8763
87630
87631
87632
87633
87634
87636
87637
87638
87639
8764
87640
87642
87643
87644
87645
8765
87653
87654
87655
87656
87657
87658
87659
8766
87660
87661
87662
87664
87665
87666
87667
87668
87669
8767
87671
87672
87673
87674
87675
87676
87677
87678
87679
87680
87681
87682
87683
87684
87685
87686
87687
87688
87689
8769
87690
87691
87692
87693
87694
87695
87696
87697
87698
87699
8770
87700
87701
87704
87705
87706
87707
87708
87709
8771
87710
87711
87712
87713
87714
87715
87716
87717
87718
87719
87720
87721
87722
87723
87724
87725
87726
87727
87728
87729
8773
87730
87731
87732
87733
87734
87735
87736
87737
87738
87739
87740
87741
87742
87743
87744
87745
87746
87747
87748
87749
8775
87750
87751
87752
87753
87754
87755
87756
87757
87758
87761
87762
87763
87764
87765
87766
87767
87768
87769
8777
87770
87771
87772
87773
87774
87775
87776
87777
87778
87779
87780
87781
87782
87783
87784
87785
87786
87787
8779
87790
87791
87792
87793
87794
87795
87797
87798
87799
8780
87800
87801
87802
87803
87804
87805
87806
87807
87808
87809
8781
87810
87811
87812
87813
87814
87815
87816
87817
87818
87819
8782
87820
87821
87822
87823
87824
87825
87826
87827
87828
87829
8783
87830
87831
87832
87833
87834
87835
87836
87837
87838
87839
8784
87840
87841
87842
87843
87844
87847
87848
87849
8785
87851
87852
87853
87854
87855
87856
87857
87858
87859
8786
87860
87861
87862
87863
87864
87865
87866
87867
87868
87869
8787
87870
87871
87872
87873
87874
87875
87876
87877
87878
87879
8788
87880
87881
87882
87883
87884
87885
87886
87887
87888
87889
8789
87890
87891
87892
87893
87894
87895
87896
87897
87898
87899
879
8790
87900
87901
87902
87903
87904
87905
87906
87907
87908
87909
8791
87910
87911
87912
87913
87914
87915
87916
87917
87918
87919
8792
87921
87929
8793
87930
87931
87932
87933
87934
87935
87936
87937
87938
87939
8794
87940
87941
87942
87943
87944
87945
87946
87947
87948
87949
8795
87950
87951
87952
87954
87955
87956
87957
87958
87959
8796
87960
87961
87962
87963
87964
87965
87966
87967
87968
87969
8797
87970
87971
87972
87973
87974
87975
87976
87977
87978
87979
8798
87980
87981
87982
87984
87985
87987
87988
87989
8799
87990
87991
87992
87993
87994
87995
87996
87997
87998
87999
88
8800
88000
88001
88002
88003
88004
88005
88006
88007
88008
88009
8801
88010
88011
88012
88013
88014
88015
88016
88017
88018
88019
8802
88020
88021
88022
88023
88024
88025
88026
88027
88028
88029
8803
88030
88031
88032
88033
88034
88035
88036
88038
88039
8804
88040
88041
88042
88043
88044
88045
88046
88047
88048
88049
8805
88051
88052
88053
88054
88055
88056
88057
88058
88059
8806
88060
88061
88062
88064
88065
88066
88067
88068
88069
8807
88070
88071
88072
88073
88074
88075
88076
88077
88078
88079
8808
88080
88081
88082
88083
88084
88085
88086
88087
88088
88089
8809
88090
88091
88092
88093
88094
88095
88096
88097
88098
88099
8810
88100
88101
88102
88103
88104
88105
88106
88107
88108
88109
8811
88110
88111
88112
88113
88114
88115
88116
88117
88118
88119
8812
88120
88121
88122
88123
88124
88125
88126
88127
88128
88129
8813
88130
88131
88132
88133
88134
88135
88136
88137
88138
88139
8814
88140
88141
88142
88143
88144
88145
88146
88147
88148
88149
8815
88150
88151
88152
88153
88154
88155
88156
88157
88158
88159
8816
88160
88161
88162
88163
88164
88165
88166
88167
88168
88169
8817
88170
88171
88172
88173
88174
88175
88176
88177
88178
88179
8818
88180
88181
88182
88183
88184
88185
88186
88187
88188
88189
8819
88190
88191
88192
88193
88194
88195
88196
88197
88198
88199
88200
88201
88202
88203
88204
88205
88206
88207
88208
88209
8821
88210
88211
88214
88215
88217
88218
88219
8822
88220
88221
88222
88223
88224
88225
88227
88228
88229
8823
88230
88231
88232
88233
88234
88235
88236
88237
88238
88239
8824
88240
88241
88242
88243
88244
88245
88246
88247
88248
88249
8825
88250
88251
88252
88253
88254
88255
88256
88257
88258
88259
8826
88260
88262
88263
88264
88265
88266
88267
88268
88269
8827
88270
88271
88272
88273
88274
88275
88276
88277
88278
88279
8828
88280
88281
88282
88283
88284
88285
88286
88287
88288
88289
8829
88290
88291
88292
88293
88294
88295
88296
88297
88298
88299
883
8830
88300
88301
88302
88303
88304
88305
88306
88307
88308
88309
8831
88311
88312
88313
88314
88315
88316
88317
88318
88319
8832
88320
88321
88322
88323
88324
88325
88327
88328
88329
8833
88330
88331
88332
88333
88334
88335
88336
88337
88338
88339
8834
88340
88341
88342
88343
88344
88345
88346
88347
88348
88349
8835
88350
88351
88352
88353
88354
88355
88356
88357
88358
88359
8836
88360
88361
88362
88363
88364
88365
88366
88367
88368
88369
8837
88370
88371
88372
88373
88374
88375
88376
88377
88378
88379
88380
88381
88382
88383
88384
88385
88386
88387
88388
88389
8839
88390
88391
88393
88394
88395
88396
88397
88398
88399
884
8840
88400
88401
88402
88403
88404
88405
88406
88407
88408
8841
88410
88411
88412
88413
88414
88415
88416
88417
88418
88419
8842
88420
88421
88422
88423
88424
88425
88426
88427
88428
88429
8843
88430
88432
88433
88434
88439
88440
88441
88442
88443
88444
88445
88446
88447
88448
88449
8845
88450
88451
88452
88453
88454
88455
88456
88457
88458
88459
8846
88460
88461
88462
88463
88464
88465
88466
88467
88468
88469
8847
88470
88472
88473
88474
88475
88476
88477
88478
88479
8848
88480
88482
88483
88484
88485
88486
88487
88488
88489
8849
88490
88491
88492
88493
88494
88495
88496
88497
88498
88499
885
88500
88501
88502
88503
88504
88505
88506
88507
88508
88509
8851
88511
88512
88513
88514
88515
88516
88517
88518
88519
8852
88520
88521
88522
88523
88524
88525
88526
88527
88528
88529
8853
88530
88531
88532
88533
88534
88535
88536
88537
88538
88539
88540
88541
88542
88543
88544
88545
88546
88547
88548
88549
8855
88550
88551
88552
88553
88554
88555
88556
88557
88558
88559
88560
88561
88562
88563
88564
88565
88566
88569
88570
88571
88572
88573
88574
88575
88576
88577
88578
88579
8858
88580
88581
88582
88583
88584
88585
88586
88588
88589
8859
88590
88591
88592
88593
88594
88595
88596
88597
88598
88599
886
8860
88600
88601
88602
88603
88604
88605
88606
88607
88608
88609
88610
88611
88612
88613
88614
88615
88616
88617
88618
88619
8862
88620
88622
88623
88624
88625
88626
88627
88629
8863
88630
88631
88632
88633
88634
88635
88636
88637
88638
88639
8864
88640
88641
88642
88643
88644
88645
88646
88647
88648
88649
88650
88652
88653#1
88654
88655
88656
88657
88658
88659
8866
88660
88661
88662
88663
88664
88665
88666
88667
88668
88669
88670
88671
88672
88673
88674
88675
88676
88677
88678
88679
8868
88680
88681
88682
88683
88684
88685
88686
88687
88688
88689
88690
88691
88692
88693
88694
88695
88696
88697
88698
88699
8870
88700
88701
88702
88703
88704
88705
88706
88707
88708
88709
8871
88710
88711
88712
88713
88714
88715
88716
88717
88718
88719
88720
88721
88722
88723
88724
88725
88726
88727
88728
88729
88730
88731
88732
88733
88734
88735
88736
88737
88739
8874
88740
88741
88742
88743
88744
88745
88746
88747
88748
88749
88750
88751
88752
88753
88754
88755
88756
88757
88758
88759
8876
88760
88761
88762
88763
88764
88765
88766
88767
88768
88769
8877
88770
88771
88772
88773
88774
88775
88776
88777
88778
88779
8878
88780
88781
88782
88783
88784
88785
88786
88787
88788
88789
8879
88790
88791
88792
88793
88794
88795
88796
88797
88798
88799
888
8880
88800
88801
88802
88803
88804
88805
88806
88807
88808
88809
8881
88810
88811
88812
88813
88814
88815
88816
88817
88818
88819
8882
88820
88821
88822
88823
88824
88825
88826
88827
88828
88829
88830
88831
88832
88833
88834
88835
88836
88837
88838
88839
8884
88840
88841
88842
88843
88844
88845
88846
88847
88848
88849
88850
88851
88852
88853
88854
88855
88856
88857
88858
88859
8886
88860
88861
88862
88863
88864
88865
88866
88867
88868
88869
8887
88870
88871
88872
88873
88874
88875
88876
88877
88878
88879
8888
88880
88881
88882
88883
88884
88885
88886
88887
88888
88889
8889
88890
88891
88892
88893
88894
88895
88896
88897
88898
88899
889
88900
88901
88902
88903
88904
88905
88906
88907
88908
88909
88910
88911
88912
88913
88914
88915
88916
88917
88918
88919
8892
88920
88921
88922
88923
88924
88925
88926
88927
88928
88929
88930
88931
88932
88933
88934
88935
88936
88937
88938
88939
8894
88940
88941
88942
88943
88944
88945
88946
88947
88948
88949
8895
88950
88951
88952
88953
88954
88955
88956
88957
88958
88959
88960
88961
88962
88963
88964
88965
88966
88967
88968
88969
88970
88971
88972
88973
88974
88975
88976
88977
88978
88979
8898
88980
88981
88982
88983
88984
88985
88986
88987
88988
88989
8899
88990
88991
88992
88993
88994
88995
88996
88997
88998
88999
89
890
8900
89000
89001
89002
89003
89004
89005
89006
89007
89008
89009
8901
89010
89011
89012
89013
89014
89015
89016
89017
89018
89019
8902
89020
89021
89022
89023
89024
89025
89026
89027
89028
89029
8903
89030
89031
89032
89033
89034
89035
89036
89037
89038
89039
8904
89040
89041
89042
89043
89044
89045
89046
89047
89048
89049
8905
89050
89051
89052
89053
89054
89055
89056
89057
89058
89059
8906
89060
89061
89062
89063
89064
89065
89066
89067
89068
89069
8907
89070
89071
89073
89074
89075
89076
89077
89078
89079
8908
89080
89081
89082
89083
89084
89085
89086
89087
89088
89089
8909
89090
89091
89092
89093
89094
89095
89096
89097
89098
89099
891
8910
89100
89101
89102
89103
89104
89105
89106
89107
89108
89109
8911
89110
89111
89112
89113
89114
89115
89116
89117
89118
89119
8912
89120
89121
89122
89123
89124
89125
89126
89127
89128
89129
8913
89130
89131
89132
89133
89134
89135
89136
89138
89139
89140
89141
89142
89143
89144
89145
89146
89147
89148
89149
8915
89150
89151
89152
89153
89154
89155
89156
89157
89158
89159
8916
89160
89161
89162
89163
89164
89165
89166
89167
89169
8917
89170
89171
89172
89175
89176
89177
89178
89179
8918
89180
89181
89182
89183
89184
89185
89186
89187
89188
89189
8919
89190
89191
89192
89193
89194
89195
89196
89197
89198
89199
89200
89201
89202
89203
89204
89205
89206
89207
89208
89209#1
8921
89210
89211
89212
89213
89214
89215
89216
89217
89218
89219
8922
89220
89221
89222
89223
89225
89226
89227
89229
8923
89230
89231
89232
89233
89234
89237
89238
89239
8924
89240
89241
89242
89243
89246
89248
89249
8925
89250
89251
89252
89253
89254
89255
89256
89257
89258
89259
89260
89261
89262
89263
89264
89265
89266
89267
89268
89269
8927
89270
89271
89272
89273
89274
89275
89276
89277
89278
89279
8928
89280
89281
89282
89283
89284
89285
89286
89287
89288
89289
8929
89290
89291
89292
89293
89294
89295
89296
89297
89298
89299
893
8930
89300
89301
89302
89303
89304
89305
89306
89307
89308
89309
8931
89310
89311
89312
89313
89314
89315
89316
89317
89318
89319
8932
89320
89321
89322
89323
89324
89325
89326
89327
89328
89329
8933
89330
89331
89332
89333
89334
89335
89336
89337
89338
89339
89340
89341
89342
89343
89344
89345
89346
89347
89348
89349
8935
89350
89351
89352
89353
89354
89355
89356
89357
89358
89359
8936
89360
89361
89362
89363
89364
89365
89366
89367
89368
89369
8937
89370
89371
89372
89373
89374
89375
89376
89377
89378
89379
8938
89380
89381
89382
89383
89384
89385
89386
89387
89388
89389
8939
89390
89391
89392
89393
89394
89395
89396
89397
89398
894
89400
89401
89402
89403
89404
89405
89406
89407
89408
89409
8941
89410
89411
89412
89413
89414
89415
89416
89417
89418
89419
8942
89420
89421
89422
89423
89424
89425
89426
89427
89428
89429
8943
89430
89431
89432
89433
89434
89435
89436
89437
89438
89439
8944
89440
89441
89442
89443
89444
89445
89446
89447
89448
89449
8945
89450
89451
89452
89453
89454
89455
89456
89457
89458
89459
8946
89460
89461
89462
89463
89464
89465
89466
89467
89468
89469
8947
89470
89471
89472
89473
89474
89475
89476
89477
89478
89479
8948
89480
89481
89482
89483
89484
89485
89486
89487
89488
89489
8949
89490
89491
89492
89493
89494
89495
89496
89497
89498
89499
895
8950
89500
89501
89502
89503
89504
89505
89506
89507
89508
89509
8951
89510
89511
89512
89513
89514
89515
89516
89517
89518
89519
89520
89521
89522
89523
89524
89525
89526
89527
89528
89529
8953
89530
89531
89532
89533
89534
89535
89536
89537
89538
89539
8954
89540
89541
89542
89543
89544
89545
89546
89547
89548
89549
8955
89550
89551
89552
89553
89554
89555
89556
89557
89559
8956
89560
89561
89562
89563
89564
89565
89566
89567
89568
8957
89570
89571
89572
89573
89574
89575
89576
89577
89578
89579
8958
89580
89581
89583
89584
89585
89586
89587
89588
89589
8959
89590
89591
89592
89593
89594
89595
89596
89597
89598
89599
896
8960
89600
89601
89602
89603
89604
89605
89607
89608
89609
8961
89610
89611
89612
89613
89614
89615
89616
89617
89618
89619
8962
89620
89621
89622
89623
89624
89625
89626
89627
89629
8963
89630
89631
89632
89633
89635
89637
89638
89639
89640
89641
89642
89643
89644
89645
89646
89647
89648#1
89649
8965
89650
89651
89652
89653
89654
89655
89656
89657
89658
89659
8966
89660
89661
89662
89663
89664
89665
89666
89667
89668
89669
8967
89670
89671
89672
89673
89674
89675
89676
89677
89678
8968
89680
89681
89682
89683
89684
89685
89686
89687
89688
89689
8969
89690
89691
89692
89693
89694
89695
89697
89698
89699
897
89700
89701
89702
89703
89704
89705
89706
89707
89708
89709
8971
89710
89711
89712
89713
89714
89715
89716
89717
89718
89719
8972
89720
89721
89722
89723
89724
89725
89726
89727
89728
89729
89730
89731
89732
89733
89734
89735
89736
89737
89738
89739
8974
89740
89741
89742
89743
89744
89745
89746
89747
89748
89749
8975
89750
89751
89752
89753
89754
89755
89756
89757
89758
89759
89760
89761
89762
89763
89764
89765
89766
89767
89768
89769
8977
89770
89771
89772
89773
89774
89775
89776
89777
89778
89779
8978
89780
89781
89782
89783
89784
89785
89786
89787
89788
89789
89790
89791
89792
89793
89794
89795
89796
89797
89798
89799
898
8980
89800
89801
89802
89803
89804
89805
89806
89807
89808
89809
8981
89810
89811
89812
89813
89814
89815
89816
89817
89818
89819
89820
89821
89822
89823
89824
89825
89826
89827
89828
89829
8983
89831
89832
89834
89835
89836
89837
89838
8984
89840
89841
89842
89843
89844
89845
89846
89847
89848
89849
89850
89851
89852
89853
89854
89855
89856
89857
89858
89859
8986
89860
89861
89862
89863
89864
89865
89866
89867
89868
89869
8987
89870
89871
89872
89873
89874
89875
89876
89877
89878
89879
89880
89881
89882
89883
89884
89885
89886
89887
89888
89889
8989
89890
89891
89892
89893
89894
89895
89896
89897
89898
89899
899
8990
89900
89901
89902
89903
89904
89905
89906
89907
89908
89909
8991
89910
89911
89912
89913
89914
89915
89916
89917
89918
89919
8992
89920
89921
89922
89923
89924
89925
89926
89927
89928
89929
8993
89930
89931
89932
89933
89934
89935
89936
89937
89938
89939
8994
89940
89941
89942
89943
89944
89945
89946
89947
89948
89949
8995
89950
89951
89952
89953
89954
89955
89956
89957
89958
89959
89960
89961
89962
89963
89964
89965
89966
89967
89968
89969
8997
89970
89971
89972
89973
89974
89975
89976
89977
89978
89979
8998
89980
89981
89982
89983
89984
89985
89986
89987
89988
89989
8999
89990
89991
89992
89993
89994
89995
89996
89997
89998
89999
9
90
900
9000
90000
90001
90002
90003
90004
90005
90006
90007
90008
90009
90010
90011
90012
90013
90014
90015
90016
90017
90018
90019
9002
90020
90021
90022
90023
90024
90025
90026
90027
90028
90029
9003
90030
90031
90032
90033
90034
90035
90036
90037
90038
90039
9004
90040
90041
90042
90043
90044
90045
90046
90047
90048
90049
9005
90050
90051
90052
90053
90054
90055
90056
90057
90058
90059
9006
90060
90061
90062
90063
90064
90065
90066
90067
90068
90069
9007
90070
90071
90072
90073
90074
90075
90076
90077
90078
90079
9008
90080
90081
90082
90083
90084
90085
90086
90087
90088
90089
9009
90090
90091
90092
90093
90094
90095
90096
90097
90098
90099
901
9010
90100
90101
90102
90103
90104
90105
90106
90107
90108
90109
9011
90110
90111
90112
90113
90114
90115
90116
90117
90118
90119
9012
90120
90121
90122
90123
90124
90125
90126
90127
90128
90129
9013
90130
90131
90132
90133
90134
90135
90136
90137
90138
90139
9014
90140
90141
90142
90143
90144
90145
90146
90147
90148
90149
9015
90150
90151
90152
90153
90154
90155
90156
90157
90158
90159
9016
90160
90161
90162
90163
90164
90165
90166
90167
90168
90169
9017
90170
90171
90172
90173
90174
90175
90176
90177
90178
90179
9018
90180
90181
90182
90183
90184
90185
90186
90187
9019
90190
90191
90192
90193
90194
90195
90196
90197
90198
90199
902
9020
90200
90201
90202
90203
90204
90205
90206
90207
90208
90209
9021
90210
90211
90212
90213
90214
90215
90216
90217
90218
90219
9022
90220
90221
90222
90223
90224
90225
90226
90227
90228
90229
9023
90230
90231
90232
90233
90234
90236
90237
90238
90239
9024
90240
90241
90242
90243
90244
90245
90246
90247
90248
90249
9025
90250
90251
90252
90253
90254
90255
90256
90257
90258
90259
9026
90260
90261
90262
90263
90264
90265
90266
90267
90268
90269
9027
90270
90271
90272
90273
90274
90275
90276
90277
90278
90279
9028
90280
90281
90282
90283
90284
90285
90286
90287
90288
90289
9029
90290
90291
90292
90293
903
9030
9032
90327
90328
90329
9033
90330
90331
90332
9034
9035
90352
90353
90354
90355
90356
9036
90361
90362
90363
90364
90365
90366
90367
90368
90369
9037
90370
90371
90372
90373
90374
90375
90376
90377
9038
90387
90388
90389
9039
90390
90391
90392
90393
90394
90395
90396
90397
90398
90399
904
9040
90400
90401
90402
90403
90404
90405
90406
90407
90408
90409
9041
90410
90411
90412
90413
90414
90415
90416
90417
90418
90419
9042
90420
90421
90422
90423
90424
90425
90426
9043
9044
9045
9046
9047
9048
90488
90489
9049
905
9050
9051
9052
90527
9053
90537
90538
90539
9054
90540
90541
90542
90543
90544
90545
90546
90547
90548
90549
9055
90550
90551
90552
90553
90554
90555
90556
90557
90558
90559
9056
90560
90561
90562
90563
90564
90565
90566
90567
90568
90569
9057
90570
90571
90572
90573
90574
90575
90576
90577
90578
90579
9058
90580
90581
90582
90583
90584
90585
90586
90587
90588
90589
9059
90590
90591
90592
90593
90594
90595
90596
90597
90598
90599
906
9060
90600
90601
90602
90603
90604
90605
90606
90607
90608
90609
9061
90610
90611
90612
90613
90614
90615
90616
90617
90618
90619
9062
90620
90621
90622
90623
90624
90625
90626
90627
90628
90629
9063
90630
90631
90632
90634
90635
90636
90637
90638
90639
90640
90641
90642
90643
90644
90645
90646
90647
90648
90649
9065
90650
90651
90652
90653
90654
90655
90656
90657
90658
90659
90660
90661
90662
90663
90665
90666
90667
90668
90669
90670
90671
90672
90673
90674
90675
90676
90677
90678
90679
9068
90680
90681
90682
90683
90684
90686
90687
90688
90689
9069
90690
90691
90692
90693
90694
90695
90696
90697
90698
90699
907
9070
90700
90701
90702
90703
90704
90705
90706
90707
90708
90709
9071
90710
90711
90712
90713
90714
90715
90716
90717
90718
90719
9072
90720
90721
90722
90723
90724
90725
90726
90727
90728
90729
9073
90730
90731
90732
90733
90734
90735
90736
90737
90738
90739
9074
90740
90741
90742
90743
90744
90745
90746
90747
90748
90749
9075
90750
90751
90752
90753
90754
90755
90756
90757
90758
90759
9076
90760
90761
90762
90763
90764
90765
90766
90767
90768
90769
9077
90770
90771
90772
90773
90774
90775
90776
90777
90778
90779
9078
90780
90781
90782
90783
90784
90785
90786
90787
90788
90789
9079
90790
90791
90792
90793
90794
90795
90796
90797
90798
90799
908
9080
90800
90801
90802
90803
90804
90805
90806
90807
90808
90809
9081
90810
90811
90812
90813
90814
90815
90816
90817
90818
90819
9082
90820
90821
90822
90823
90824
90825
90826
90827
90828
90829
9083
90830
90831
90832
90833
90834
90835
90836
90837
90838
90839
9084
90840
90841
90842
90843
90844
90845
90846
90847
90848
90849
9085
90850
90851
90852
90853
90854
90855
90856
90857
90858
90859
9086
90860
90861
90862
90863
90864
90865
90866
90867
90868
9087
90871
90872
90873
90874
90876
90877
90878
90879
9088
90880
90881
90882
90884
90885
90886
90887
90888
90889
9089
90890
90891
90892
90893
90894
90895
90896
90897
90898
90899
909
9090
90901
90902
90903
90904
90905
90906
90907
90908
90909
9091
90910
90911
90914
90915
90916
90917
90918
90919
9092
90920
90921
90922
90923
90924
90925
90926
90927
90928
90929
9093
90930
90931
90932
90933
90934
90935
90936
90937
90938
90939
9094
90940
90941
90942
90943
90944
90945
90946
90947
90948
90949
9095
90950
90951
90952
90953
90954
90955
90956
90957
90958
90959
9096
90960
90961
90962
90963
90964
90965
90966
90967
90968
90969
90970
90971
90972
90973
90974
90975
90976
90978
90979
9098
90980
90981
90982
90983
90984
90985
90986
90987
90988
90989
9099
90990
90991
90992
90993
90994
90995
90996
90997
90998
90999
910
9100
91000
91001
91002
91003
91004
91005
91006
91007
91008
91009
9101
91010
91011
91012
91013
91014
91016
91017
91018
91019
9102
91020
91021
91022
91023
91024
91025
91026
91027
91028
91029
9103
91030
91031
91032
91033
91034
91035
91036
91037
91038
91039
9104
91040
91041
91042
91043
91044
91045
91046
91047
91048
91049
9105
91050
91051
91052
91053
91054
91055
91056
91057
91058
91059
91060
91061
91062
91063
91064
91065
91066
91067
91068
91069
91070
91071
91072
91073
91074
91075
91076
91077
91078
91079
9108
91080
91081
91082
91083
91084
91085
91086
91087
91088
91089
9109
91090
91091
91092
91093
91094
91095
91096
91097
91098
91099
911
9110
91101
91102
91104
91105
91106
91107
91108
91109
9111
91110
91111
91112
91113
91114
91115
91116
91117
91118
91119
91120
91121
91122
91123
91124
91125
91126
91128
91130
91131
91132
91136
91137
91138
91139
9114
91140
91141
91142
91143
91144
91145
91146
91147
91148
9115
91154
91155
91156
91157
91158
91159
9116
91160
91161
91162
91163
91164
91165
91166
91167
91168
91169
9117
91170
91171
91172
91173
91174
91175
91176
91177
91178
91179
9118
91180
91181
91182
91183
91184
91185
91186
91187
91188
91189
9119
91190
91191
91192
91193
91194
91195
91196
91197
91198
91199
912
9120
91200
91201
91202
91203
91204
91205
91206
91207
91208
91209
91210
91211
91212
91213
91214
91215
91216
91217
91218
91219
9122
91220
91221
91222
91223
91224
91225
91226
91227
91228
91229
9123
91230
91231
91232
91233
91234
91235
91236
91237
91238
91239
9124
91240
91241
91242
91243
91244
91245
91246
91247
91248
91249
9125
91250
91251
91252
91253
91254
91255
91256
91257
91258
91259
9126
91260
91261
91262
91263
91264
91265
91266
91267
91268
91269
9127
91270
91271
91272
91273
91274
91275
91276
91277
91278
91279
9128
91280
91281
91282
91283
91284
91285
91286
91287
91288
91289
91290
91291
91292
91293
91294
91295
91296
91297
91298
91299
913
9130
91300
91301
91302
91303
91304
91305
91306
91307
91308
91309
9131
91310
91311
91312
91313
91314
91315
91316
91317
91318
91319
9132
91320
91321
91322
91323
91324
91325
91326
91327
91328
91329
91330
91331
91332
91333
91334
91335
91336
91337
91338
91339
9134
91340
91341
91342
91343
91344
91345
91346
91347
91348
91349
9135
91350
91351
91352
91353
91354
91355
91356
91357
91358
91359
91360
91361
91362
91363
91364
91365
91366
91367
91368
91369
9137
91370
91371
91372
91373
91374
91375
91376
91377
91378
91379
9138
91382
91383
91384
91385
91386
91387
91388
91389
9139
91390
91391
91392
91393
91394
91395
91396
91398
91399
914
9140
91400
91401
91402
91403
91404
91405
91406
91407
91408
91409
9141
91410
91411
91412
91413
91414
91415
91416
91417
91418
91419
9142
91420
91421
91422
91423
91424
91425
91426
91427
91428
91429
9143
91430
91431
91432
91433
91434
91435
91436
91437
91438
91439
9144
91440
91441
91442
91443
91444
91445
91446
91447
91448
91449
9145
91450
91451
91452
91453
91454
91455
91456
91457
91458
91459
9146
91460
91461
91462
91463
91464
91465
91466
91467
91468
91469
91470
91471
91472
91473
91474
91475
91476
91477
91478
91479
9148
91480
91481
91482
91483
91484
91485
91486
91487
91488
91489
9149
91490
91491
91492
91493
91494
91495
91496
91497
91498
91499
915
9150
91500
91501
91502
91503
91504
91505
91506
91507
91508
91509
9151
91510
91511
91512
91513
91514
91515
91516
91517
91518
91519
9152
91520
91521
91522
91523
91524
91525
91526
91527
91528
91529
9153
91530
91531
91532
91533
91534
91535
91536
91537
91538
91539
9154
91540
91541
91542
91543
91544
91545
91546
91547
91548
91549
9155
91550
91551
91552
91553
91554
91555
91556
91557
91558
91559
9156
91560
91561
91562
91563
91564
91565
91566
91567
91568
91569
9157
91570
91571
91572
91573
91574
91575
91576
91577
91578
91579
9158
91580
91581
91582
91583
91584
91585
91586
91587
91588
91589
9159
91590
91591
91592
91593
91594
91595
91596
91597
91598
91599
916
9160
91600
91601
91602
91603
91604
91605
91606
91607
91608
91609
9161
91610
91611
91612
91613
91614
91615
91616
91617
91618
91619
9162
91620
91621
91622
91623
91624
91625
91626
91627
91628
91629
9163
91630
91631
91632
91633
91634
91635
91636
91637
91638
91639
9164
91640
91641
91642
91643
91644
91645
91646
91647
91648
91649
9165
91650
91651
91652
91653
91654
91655
91656
91657
91658
91659
9166
91660
91661
91662
91663
91664
91665
91666
91667
91668
91669
9167
91670
91671
91672
91673
91674
91675
91676
91677
91678
91679
9168
91680
91681
91682
91683
91684
91685
91686
91687
91688
91689
9169
91690
91691
91692
91693
91694
91695
91696
91697
91698
91699
917
9170
91700
91701
91702
91703
91704
91705
91706
91707
91708
91709
9171
91710
91711
91712
91713
91714
91715
91716
91717
91718
91719
9172
91720
91721
91722
91723
91724
91725
91726
91727
91728
91729
9173
91730
91731
91732
91733
91734
91735
91736
91737
91738
91739
9174
91740
91741
91742
91743
91744
91745
91746
91747
91748
91749
9175
91750
91751
91752
91753
91754
91755
91756
91757
91758
91759
9176
91760
91761
91762
91763
91764
91765
91766
91767
91768
91769
9177
91770
91771
91772
91773
91774
91775
91776
91777
91778
91779
9178
91780
91781
91782
91783
91784
91785
91786
91787
91788
91789
9179
91790
91791
91792
91793
91794
91795
91796
91797
91798
91799
9180
91800
91801
91802
91803
91804
91805
91806
91807
91808
91809
9181
91810
91811
91812
91813
91814
91815
91816
91817
91818
91819
91820
91821
91822
91823
91824
91825
91826
91827
91828
91829
9183
91830
91831
91832
91833
91834
91835
91836
91837
91838
91839
9184
91840
91841
91842
91843
91844
91845
91846
91847
91848
91849
9185
91850
91851
91852
91853
91854
91855
91856
91857
91858
91859
9186
91860
91861
91862
91863
91864
91865
91866
91867
91868
91869
9187
91870
91871
91872
91873
91874
91875
9188
91882
91883
91884
91885
91886
91887
91888
91889
9189
91890
91891
91892
91894
91895
91896
91897
91898
91899
919
9190
91900
91901
91902
91903
91904
91905
91906
91907
91908
91909
9191
91910
91911
91912
91913
91914
91915
91916
91917
91918
91919
9192
91920
91921
91922
91923
91924
91925
91926
91927
91928
91929
9193
91930
91931
91932
91933
91934
91935
91936
91937
91938
91939
9194
91940
91941
91942
91943
91944
91945
91946
91947
91948
91949
9195
91950
91951
91952
91953
91954
91955
91956
91957
91958
91959
9196
91960
91961
91962
91963
91964
91965
91966
91967
91968
91969
9197
91970
91971
91972
91973
91974
91975
91976
91977
91978
91979
9198
91980
91981
91982
91983
91984
91985
91986
91987
91988
91989
9199
91990
91991
91992
91993
91994
91995
91996
91997
91998
91999
920
9200
92000
92001
92003
92004
92005
92006
92007
92008
92009
9201
92010
92011
92012
92014
92015
92016
92017
92018
92019
9202
92020
92021
92022
92023
92024
92025
92026
92027
92028
92029
9203
92030
92031
92032
92033
92034
92035
92039
9204
92040
92042
92043
92044
92045
92046
92047
92048
92049
9205
92050
92051
92052
92053
92054
92055
92059
9206
92060
92062
92063
92064
92065
92066
92067
92068
92069
9207
92070
92071
92072
92073
92074
92075
92076
92077
92078
92079
9208
92080
92081
92082
92083
92084
92085
92086
92087
92088
92089
9209
92090
92091
92092
92093
92095
92096
92097
92098
92099
921
9210
92100
92101
92102
92104
92105
92106
92107
92108
92109
9211
92110
92111
92112
92113
92114
92115
92116
92117
92118
92119
92120
92121
92122
92123
92124
92125
92126
92127
92128
92129
92130
92131
92132
92133
92137
92138
92139
9214
92140
92141
92142
92143
92146
92147
92148
92149
9215
92151
92152
92154
92155
92156
92157
9216
92160
92161
92163
92164
92165
92166
92167
92168
92169
9217
92170
92171
92172
92173
92174
92175
92176
92177
92178
92179
9218
92180#1
92181
92182
92183
92184
92185
92186
92187
92188
92189
9219
92191
92192
92193
92194
92195
92196
92197
92198
92199
922
9220
92200
92201
92202
92203
92204
92205
92206
92207
92208
92209
9221
92211
92212
92213
92214
92215
92216
92217
92218
92219
9222
92220
92221
92222
92223
92225
92226
9223
92230
92232
92233
92234
92235
92236
92237
92238
92239
9224
92240
92241
92242
92243
92244
92245
92246
92247
92248
92249
9225
92250
92251
92252
92253
92254
92255
92256
92257
92258
92259
92260
92261
92262
92263
92264
92265
92266
92267
92268
92269
9227
92270
92271
92272
92273
92274
92275
92276
92277
92278
92279
9228
92281
92282
92283
92284
92285
92286
92287
92288
92289
9229
92290
92291
92292
92293
92294
92295
92296
92297
92298
92299
923
9230
92300
92301
92302
92303
92304
92305
92306
92307
92308
92309
9231
92310
92311
92312
92313
92314
92315
92316
92317
92318
92319
9232
92320
92321
92322
92323
92324
92325
92326
92327
92328
92329
9233
92330
92331
92332
92333
92334
92335
92336
92337
92338
92339
9234
92340
92341
92342
92343
92344
92345
92346
92347
92348
92349
9235
92350
92351
92352
92353
92354
92355
92356
92357
9236
92360
92361
92362
92363
92364
92365
92366
92367
92368
92369
9237
92370
92371
92372
92373
92374
92375
92376
92377
92378
92379
9238
92380
92381
92382
92383
92384
92385
92386
92387
92388
92389
9239
92390
92391
92392
92393
92394
92395
92396
92397
92398
92399
924
9240
92400
92401
92402
92403
92404
92405
92406
92407
92408
92409
9241
92410
92411
92412
92413
92414
92415
92416
92417
92418
92419
9242
92420
92421
92422
92423
92424
92425
92426
92427
92428
92429
9243
92430
92431
92432
92433
92434
92435
92436
92437
92438
92439
92440
92441
92442
92443
92444
92445
92446
92447
92448
92449
9245
92450
92451
92452
92453
92454
92455
92456
92457
92458
92459
9246
92460
92461
92462
92463
92464
92465
92466
92467
92468
92469
9247
92470
92471
92472
92473
92474
92475
92476
92477
92478
92479
9248
92480
92481
92482
92483
92484
92485
92486
92487
92488
92489
9249
92490
92491
92492
92493
92494
92495
92496
92497
92498
92499
9250
92500
92501
92502
92503
92504
92505
92506
92507
92508
92509
9251
92510
92511
92512
92513
92514
92515
92516
92517
92518
92519
9252
92520
92521
92522
92523
92525
92526
92527
92529
9253
92530
92531
92532
92533
92534
92535
92538
92539
9254
92540
92541
92542
92543
92545
92546
92547
92548
92549
9255
92550
92551
92552
92553
92554
92555
92557
92558
92559
92560
92561
92562
92563
92564
92565
92566
92567
92568
92569
9257
92570
92571
92572
92573
92574
92575
92577
92578
92579
9258
92582
92583
92584
92585
92586
92587
92588
9259
92590
92591
92592
92593
92594
92595
92596
92597
92598
92599
92602
92603
92604
92605
92606
92607
92608
92609
9261
92610
92611
92612
92613
92614
92615
92616
92617
92618
92619
9262
92620
92621
92622
92623
92624
92625
92626
92627
92628
92629
9263
92630
92631
92632
92633
92634
92635
92636
92637
92638
92639
9264
92640
92641
92642
92643
92644
92645
92646
92647
92648
92649
92650
92651
92652
92653
92654
92655
92656
92657
92658
92659
9266
92660
92661
92662
92663
92664
92665
92666
92667
92668
92669
9267
92670
92671
92672
92673
92674
92675
92676
92677
92678
92679
9268
92680
92682
92683
92684
92685
92686
92687
92688
92689
9269#1
92690
92691
92692
92693
92694
92695
92696
92697
92698
92699
927
9270
92700
92701
92702
92703
92704
92705
92706
92707
92708
92709
9271
92710
92711
92712
92713
92714
92715
92716
92717
92718
92719
9272
92720
92721
92722
92724
92725
92726
92727
92728
92729
9273
92730
92731
92732
92733
92734
92735
92736
92737
92738
92739
9274
92740
92741
92742
92743
92744
92745
92746
92747
92748
92749
9275
92750
92751
92753
92754
92756
92758
92759
9276
92760
92761
92762
92763
92764
92765
92766
92767
92768
92769
9277
92770
92771
92772
92773
92774
92775
92776
92777
92778
92779
9278
92780
92781
92783
92784
92785
92786
92787
92788
92789
92790
92791
92792
92793
92794
92795
92796
92797
92798
92799
928
9280
92800
92801
92802
92803
92804
92805
92806
92807
92808
92809
9281
92810
92811
92812
92814
92815
92816
92817
92818
92819
9282
92820
92821
92822
92823
92824
92825
92826
92827
92828
92829
9283
92830
92831
92832
92833
92834
92835
92836
92837
92838
92839
9284
92840
92841
92842
92843
92844
92845
92846
92847
92848
92849
9285
92850
92851
92852
92853
92854
92855
92856
92857
92858
92859
9286
92860
92861
92862
92863
92864
92865
92866
92867
92868
92869
9287
92873
92874
92875
92876
92877
92878
92879
9288
92880
92881
92882
92883
92884
92885
92886
92887
92888
92889
9289
92890
92891
92892
92893
92894
92895
92896
92897
92898
92899
929
9290
92900
92901
92902
92903
92904
92905
92906
92907
92908
92909
9291
92910
92911
92912
92913
92914
92915
92916
92917
92918
9292
92921
92922
92923
92924
92926
92927
92928
92929
92930
92931
92932
92933
92934
92935
92936
92937
92938
92939
9294
92940
92941
92942
92943
92944
92945
92946
92947
92948
92949
9295
92950
92951
92953
92954
92955
92956
92957
92958
92959
9296
92960
92961
92962
92963
92964
92965
92966
92967
92968
92969
9297
92970
92971
92972
92973
92974
92975
92976
92977
92978
92979
9298
92980
92981
92982
92983
92984
92985
92986
92987
92988
92989
9299
92990
92991
92992
92993
92994
92995
92996
92997
92998
92999
93
930
9300
93000
93001
93002
93004
93005
93007
93008
93009
9301
93010
93011
93013
93014
93015
93016
93017
93018
93019
9302
93020
93021
93022
93026
93027
93028
93029
93032
93033
93036
93037
93038
93039
9304
93040
93041
93042
93043
93045
93046
93047
93048
93049
9305
93050
93051
93052
93053
93054
93055
93056
93057
93058
93059
9306
93060
93061
93062
93063
93065
93066
93067
93068
93069
9307
93070
93071
93072
93073
93075
93076
93077
93079
9308
93080
93081
93082
93083
93084
93085
93086
93087
93088
93089
9309
93090
93091
93092
93093
93094
93095
93096
93097
93098
93099
9310
93100
93101
93102
93103
93104
93105
93106
93107
93108
93109
9311
93110
93111
93112
93113
93114
93115
93116
93117
93118
93119
9312
93120
93121
93122
93123
93124
93125
93126
93127
93128
93129
9313
93130
93131
93132
93133
93134
93137
93138
93139
9314
93140
93141
93142
93143
93144
93145
93146
93147
93148
93149
9315
93150
93151
93152
93153
93154
93155
93156
93157
93158
93159
93160
93161
93162
93163
93164
93165
93166
93167
93168
93169
9317
93170
93171
93172
93173
93174
93175
93176
93177
93178
93179
93180
93181
93182
93183
93184
93185
93186
93187
93188
93189
9319
93190
93191
93192
93193
93194
93195
93196
93197
93198
93199
932
9320
93200
93201
93202
93203
93204
93205
93206
93207
93208
93209
9321
93210
93211
93212
93213
93214
93216
93218
93219
9322
93220
93221
93222
93223
93224
93225
93226
93227
93228
93229
9323
93230
93231
93232
93233
93234
93235
93236
93237
93239
93240
93242
93243
93244
93245
93246
93248
93249
9325
93251
93252
93253
93254
93255
93256
93257
93258
93259
9326
93260
93261
93262
93263
93264
93265
93266
93267
93268
93269
9327
93270
93271
93272
93273
93274
93275
93276
93277
93278
93279
93280
93281
93282
93283
93284
93285
93286
93287
93288
93289
93290
93291
93292
93293
93294
93295
93296
93297
93298
93299
9330
93300
93301
93302
93303
93304
93305
93307
93308
93309
9331
93310
93311
93312
93313
93314
93315
93316
93317
93318
93319
9332
93320
93321
93322
93323
93324
93325
93326
93327
93328
93329
9333
93330
93331
93332
93333
93334
93335#1
93336
93337
93338
93339
9334
93340
93341
93342
93343
93344
93345
93346
93347
93348
93349
9335
93350
93351
93352
93353
93354
93355
93356
93357
93358
93359
9336
93360
93361
93362
93363
93364
93365
93366
93367
93368
93369
9337
93370
93371
93372
93373
93374
93375
93376
93377
93378
93379
9338
93380
93381
93382
93383
93384
93385
93386
93387
93388
93389
9339
93390
93391
93392
93393
93394
93395
93396
93397
93398
93399
934
9340
93400
93401
93402
93403
93404
93405
93406
93407
93408
93409
9341
93410
93411
93412
93414
93415
93416
93417
93418
93419
9342
93420
93421
93422
93423
93424
93425
93426
93427
93428
93429
9343
93430
93431
93432
93433
93434
93435
93436
93437
93438
93439
9344
93440
93441
93442
93443
93444
93445
93446
93447
93448
93449
9345
93450
93451
93452
93453
93454
93455
93456
93457
93458
93459
9346
93460
93461
93462
93464
93465
93466
93467
93468
93469
9347
93470
93471
93472
93473
93474
93475
93476
93477
93478
93479
9348
93480
93481
93482
93483
93484
93485
93486
93487
93488
93489
9349
93490
93491
93492
93494
93495
93496
93497
93498
93499
935
9350
93500
93501
93502
93503
93504
93505
93506
93507
93508
93509
9351
93510
93511
93512
93513
93514
93515
93516
93517
93518
93519
9352
93520
93521
93522
93523
93524
93525
93526
93527
93528
93529
9353
93530
93531
93532
93533
93534
93535
93536
93537
93538
93539
9354
93540
93541
93542
93543
93544
93545
93546
93547
93548
93549
9355
93550
93551
93552
93553
93554
93555
93556
93557
93558
93559
9356
93560
93561
93562
93563
93564
93565
93566
93567
93568
93569
9357
93570
93571
93572
93573
93574
93575
93576
93577
93578
93579
9358
93580
93581
93582
93583
93584
93585
93587
93588
93589
9359
93590
93591
93592
93593
93594
93595
93596
93597
93598
93599
9360
93600
93601
93602
93603
93604
93605
93606
93607
93608
93609
9361
93610
93611
93612
93613
93614
93615
93616
93617
93618
93619
93620
93622
93623
93624
93625
93626
93627
93628
93629
93630
93631
93632
93633
93634
93635
93636
93637
93638
93639
93640
93641
93642
93643
93644
93645
93646
93647
93648
93649
93650
93651
93652
93653
93654
93655
93656
93657
93658
93659
9366
93660
93661
93662
93663
93664
93665
93666
93667
93668
93669
9367
93670
93671
93672
93673
93674
93675
93676
93677
93678
93679
9368
93680
93681
93682
93683
93684
93685
93686
93687
93688
93689
93690
93691
93692
93693
93694
93695
93696
93697
93698
93699
93700
93701
93702
93703
93704
93705
93706
93708
93709
9371
93710
93711
93712
93713
93714
93715
93716
93717
93718
93719
93720
93721
93722
93723
93724
93725
93726
93727
93728
93729
9373
93730
93731
93732
93733
93734
93735
93736
93737
93738
93739
93740
93741
93742
93743
93744
93745
93746
93747
93748
93749
93750
93751
93752
93753
93754
93755
93756
93757
93758
93759
9376
93760
93761
93762
93763
93764
93765
93767
93768
93769
9377
93770
93771
93772
93773
93774
93775
93776
93777
93778
93779
93780
93781
93782
93783
93784
93785
93786
93787
93788
93789
93790
93791
93792
93793
93794
93795
93796
93797
93798
93799
93800
93801
93802
93803
93804
93805
93806
93807
93808
93809
93810
93811
93812
93813
93814
93815
93816
93817
93818
93819
93820
93821
93822
93823
93824
93825
93826
93827
93828
93829
9383
93830
93831
93832
93833
93834
93835
93836
93837
93838
93839
9384
93840
93841
93842
93843
93844
93845
93846
93847
93848
93849
9385
93850
93851
93852
93853
93854
93855
93856
93857
93858
93859
9386
93860
93861
93862
93863
93864
93865
93866
93867
93868
93869
93870
93871
93872
93873
93874
93875
93876
93877
93878
93879
93880
93881
93882
93883
93884
93885
93886
93887
93888
93889
9389
93890
93891
93892
93893
93894
93895
93896
93897
93898
93899
9390
93900
93901
93902
93903
93904
93905
93906
93907
93908
93909
9391
93910
93911
93912
93913
93914
93915
93916
93917
93918
93919
9392
93920
93921
93922
93923
93924
93925
93926
93927
93928
93929
93930
93931
93932
93933
93934
93935
93936
93937
93938
93939
93940
93941
93942
93943
93944
93945
93946
93947
93948
93949
9395
93951
93952
93953
93954
93955
93956
93957
93958
93959
9396
93960
93961
93962
93963
93964
93965
93966
93967
93968
93969
93970
93971
93972
93973
93974
93975
93976
93977
93978
93979
9398
93980
93981
93982
93983
93984
93985
93986
93987
93988
93989
93990
93991
93992
93993
93994
93995
93996
93997
93998
93999
94
940
9400
94000
94001
94002
94003
94004
94006
94007
94008
94009
9401
94010
94011
94012
94013
94014
94015
94016
94017
94018
94019
9402
94020
94021
94022
94023
94024
94025
94026
94027
94028
94029
9403
94030
94031
94032
94033
94034
94035
94036
94037
94038
94039
94040
94041
94042
94043
94044
94045
94046
94047
94048
94049
94050
94051
94052
94053
94054
94055
94056
94057
94058
94059
9406
94060
94061
94062
94063
94064
94065
94066
94067
94068
94069
9407
94070
94071
94072
94073
94074
94075
94076
94077
94078
94079
9408
94080
94081
94082
94084
94085
94086
94087
94089
94090
94091
94092
94093
94094
94095
94096
94097
94098
94099
941
94100
94101
94102
94103
94104
94105
94106
94107
94108
94109
94110
94111
94112
94113
94114
94115
94116
94117
94118
94119
94120
94121
94122
94123
94124
94125
94126
94127
94128
94129
9413
94130
94131
94132
94133
94134
94135
94136
94137
94138
94139
9414
94140
94141
94142
94143
94145
94146
94147
94148
94149
9415
94150
94151
94152
94153
94154
94155
94156
94157
94158
94159
9416
94160
94161
94162
94163
94164
94165
94166
94167
94168
94169
9417
94170
94171
94172
94173
94174
94175
94176
94177
94178
94179
94180
94181
94182
94183
94184
94185
94186
94187
94188
94189
9419
94190
94191
94192
94193
94194
94195
94196
94197
94198
94199
942
94200
94201
94202
94203
94204
94205
94206
94207
94208
94209
9421
94210
94211
94212
94213
94214
94215
94216
94217
94218
94219
94220
94221
94222
94223
94224
94225
94226
94227
94228
94229
9423
94230
94231
94232
94233
94234
94235
94236
94237
94238
94239
9424
94240
94241
94242
94243
94244
94245
94246
94247
94248
94249
9425
94250
94251
94252
94253
94254
94255
94256
94257
94258
94259
9426
94260
94261
94262
94263
94264
94265
94266
94267
94268
94269
94270
94272
94273
94274
94275
94276
94277
94278
94279
94280
94281
94282
94283
94284
94285
94286
94287
94288
94289
9429
94290
94291
94292
94293
94294
94295
94296
94297
94298
94299
943
9430
94300
94301
94302
94303
94304
94305
94306
94307
94308
9431
94310
94311
94312
94313
94314
94315
94316
94317
94318
94319
9432
94320
94321
94322
94323
94324
94325
94326
94327
94328
94329
9433
94330
94331
94332
94333
94334
94335
94336
94337
94338
9434
94340
94341
94342
94343
94344
94345
94346
94347
94348
94349
9435
94350
94351
94352
94354
94355
94356
94357
94358
94359
9436
94360
94361
94362
94363
94364
94366
94367
94368
94369
9437
94370
94371
94372
94373
94374
94375
94376
94377
94378
94379
9438
94380
94381
94382
94383
94384
94385
94386
94387
94388
94389
9439
94390
94391
94392
94393
94394
94395
94396
94397
94398
94399
944
9440
94400
94401
94403
94404
94405
94406
94407
94408
94409
9441
94410
94411
94412
94413
94414
94415
94416
94417
94418
94419
9442
94420
94421
94422
94423
94424
94425
94426
94427
94428
94429
9443
94430
94431
94432
94433
94434
94435
94436
94437
94438
94439
9444
94440
94441
94442
94443
94444
94445
94446
94447
94448
94449
9445
94450
94451
94452
94456
94457
94458
94459
94460
94461
94462
94463
94464
94465
94466
94467
94468
94469
9447
94470
94471
94472
94473
94474
94475
94476
94477
94478
94479
9448
94480
94481
94482
94483
94484
94485
94486
94487
94488
94489
9449
94490
94491
94492
94493
94494
94495
94496
94497
94498
94499
945
9450
94500
94501
94502
94503
94504
94505
94506
94507
94508
94509
9451
94510
94511
94512
94513
94514
94515
94516
94517
94518
94519
9452
94520
94521
94522
94523
94524
94525
94526
94527
94528
94529
9453
94530
94531
94532
94533
94534
94535
94536
94537
94538
94539
9454
94541
94542
94543
94544
94545
94546
94547
94548
94549
9455
94550
94551
94552
94553
94554
94555
94556
94557
94558
94559
9456
94560
94561
94562
94563
94565
94566
94567
94568
94569
94570
94571
94572
94573
94574
94575
94576
94577
94578
94579
9458
94580
94581
94582
94583
94584
94585
94586
94587
94588
94589
9459
94594
94595
94596
94597
94598
94599
946
94600
94601
94602
94603
94604
94605
94606
94607
94608
94609
9461
94610
94611
94612
94613
94614
94615
94616
94617
94618
94619
9462
94620
94621
94622
94623
94624
94625
94626
94627
94628
94629
9463
94630
94631
94632
94633
94634
94635
94636
94637
94638
94639
9464
94640
94641
94642
94643
94644
94645
94646
94647
94648
94649
9465
94650
94651
94652
94653
94654
94655
94656
94657
94658
94659
9466
94660
94661
94662
94663
94664
94665
94666
94667
94668
94669
9467
94670
94671
94672
94673
94674
94675
94676
94677
94678
94679
9468
94680
94681
94682
94683
94684
94685
94686
94687
94688
94689
9469
94690
94691
94692
94693
94694
94695
94696
94697
94698
94699
947
9470
94700
94701
94702
94703
94704
94705
94706
94707
94708
94709
9471
94710
94711
94712
94713
94714
94715
94716
94717
94719
9472
94720
94721
94722
94723
94724
94725
94726
94727
94728
94729
9473
94730
94731
94732
94733
94734
94735
94736
94737
94738
94739
9474
94740
94741
94742
94743
94744
94745
94746
94747
94748
94749
9475
94750
94751
94752
94753
94754
94755
94756
94757
94758
94759
9476
94760
94761
94762
94763
94764
94765
94766
94767
94768
94769
9477
94770
94771
94772
94773
94774
94775
94776
94777
94778
94779
94780
94781
94782
94783
94784
94785
94786
94787
94788
94789
9479
94790
94791
94792
94793
94794
94795
94796
94797
94798
94799
9480
94800
94801
94802
94803
94804
94805
94806
94807
94808
9481
94810
94811
94812
94813
94814
94815
94817
94818
94819
9482
94820
94821
94822
94823
94824
94825
94826
94827
94828
94829
9483
94830
94831
94832
94833
94834
94835
94836
94837
94838
94839
9484
94840
94841
94842
94843
94844
94845
94846
94847
94848
94849
94850
94851
94852
94853
94854
94855
94856
94857
94858
94859
9486
94860
94861
94862
94863
94864
94865
94866
94867
94868
94869
9487
94870
94871
94872
94873
94874
94875
94876
94877
94878
94879
9488
94880
94881
94882
94883
94884
94885
94886
94887
94888
94889
9489
94890
94891
94892
94893
94894
94895
94896
94897
94898
94899
949
94900
94901
94902
94903
94904
94905
94906
94907
94908
94909
9491
94910
94911
94912
94913
94914
94915
94916
94917
94918
94919
9492
94920
94921
94922
94923
94924
94925
94926
94927
94928
94929
9493
94930
94931
94932
94933
94934
94935
94936
94937
94938
94939
9494
94940
94941
94942
94943
94944
94945
94946
94947
94948
94949
9495
94950
94951
94952
94953
94954
94955
94956
94957
94958
94959
94960
94961
94962
94963
94964
94965
94966
94967
94968
94969
9497
94970
94971
94972
94973
94974
94975
94976
94977
94978
94979
94980
94981
94982
94983
94984
94985
94986
94987
94988
94989
9499
94990
94991
94992
94993
94994
94995
94996
94997
94998
94999
95
950
9500
95000
95001
95002
95004
95005
95007
95008
95009
9501
95010
95011
95012
95013
95014
95015
95016
95017
9502
95021
95022
95023
95024
95026
95027
95028
95029
9503
95030
95031
95032
95033
95034
95035
95036
95037
95038
95039
9504
95040
95041
95042
95043
95045
95046
95047
95048
95049
9505
95050
95051
95052
95053
95054
95055
95056
95057
95058
95059
9506
95060
95061
95062
95063
95064
95065
95066
95067
95068
9507
95070
95072
95073
95074
95075
95076
95077
95078
95079
95080
95081
95082
95084
95085
95086
95087
95088
95089
9509
95090
95091
95092
95093
95094
95095
95096
95098
95099
951
95100
95101
95102
95104
95105
95106
95107
95108
95109
95110
95111
95112
95113
95114
95115
95116
95117
95118
95119
9512
95120
95121
95122
95123
95124
95125
95126
95127
95128
95129
9513
95130
95131
95132
95133
95134
95135
95136
95137
95138
95139
95140
95141
95142
95143
95144
95145
95146
95147
95148
95149
9515
95150
95151
95152
95153
95154
95155
95156
95157
95158
95159
9516
95160
95161
95162
95163
95164
95165
95166
95167
95168
95169
9517
95170
95171
95172
95173
95174
95175
95176
95177
95178
95179
9518
95180
95181
95182
95183
95184
95185
95186
95187
95188
95189
9519
95190
95191
95192
95193
95194
95195
95196
95197
95198
95199
952
95200
95201
95202
95203
95204
95205
95206
95207
95208
95209
9521
95210
95211
95212
95213
95214
95215
95216
95217
95218
95219
9522
95220
95221
95222
95223
95224
95225
95226
95227
95228
95229
95230
95231
95232
95233
95235
95236
95237
95238
95239
9524
95240
95241
95242
95243
95244
95245
95246
95247
95248
95249
9525
95250
95251
95252
95253
95254
95255
95256
95257
95258
95259
95260
95261
95262
95263
95264
95265
95266
95267
95268
95269
9527
95270
95271
95272
95273
95274
95275
95276
95277
95278
95279
9528
95280
95281
95282
95283
95284
95286
95287
95288
95289
9529
95290
95291
95294
95295
95296
95297
95298
95299
953
9530
95300
95301
95302
95303
95304
95305
95306
95307
95308
95309
9531
95310
95311
95312
95313
95314
95315
95316
95317
95318
95319
9532
95320
95321
95322
95323
95324
95325
95326
95327
95328
95329
9533
95330
95331
95332
95333
95334
95335
95336
95337
95338
95339
9534
95340
95341
95342
95343
95344
95345
95346
95347
95348
95349
9535
95350
95351
95352
95353
95354
95355
95356
95357
95358
95359
95360
95361
95362
95363
95364
95365
95366
95367
95368
95369
9537
95370
95371
95372
95373
95374
95375
95376
95377
95378
95379
9538
95380
95381
95382
95383
95384
95385
95386
95387
95388
95389
9539
95390
95391
95392
95393
95394
95395
95396
95397
95398
95399
954
9540
95400
95401
95402
95403
95404
95405
95406
95407
95408
95409
9541
95410
95411
95412
95413
95414
95415
95417
95418
95419
9542
95420
95421
95422
95423
95424
95425
95426
95427
95428
95429
9543
95430
95431
95432
95433
95434
95435
95436
95437
95438
95439
9544
95440
95441
95442
95443
95444
95445
95446
95447
95448
9545
95450
95451
95452
95453
95454
95455
95456
95457
95458
95459
9546
95460
95461
95462
95463
95464
95465
95466
95467
95468
95469
9547
95470
95471
95472
95473
95474
95475
95476
95477
95478
95479
9548
95480
95481
95482
95483
95484
95485
95486
95487
95488
95489
9549
95490
95491
95492
95493
95494
95495
95496
95497
95498
95499
955
9550
95500
95501
95502
95503
95504
95505
95506
95507
95508
95509
9551
95510
95511
95512
95513
95514
95515
95516
95517
95518
95519
9552
95520
95521
95522
95523
95524
95525
95526
95527
95528
95529
95530
95531
95532
95533
95534
95535
95536
95537
95538
95539
9554
95540
95541
95542
95543
95544
95545
95546
95547
95548
95549
95550
95551
95552
95553
95554
95555
95556
95557
95558
95559
9556
95560
95561
95562
95563
95564
95565
95566
95567
95568
95569
9557
95570
95571
95572
95573
95574
95575
95576
95577
