0200330610
0234070610
0611500610
06382950610
0641110610
064820610
0680010610
0680600610
0680740610
0680750610
0680760610
0680770610
0680780610
0680800610
0680810610
0680820610
0680830610
0680840610
0680860610
0680870610
0680880610
0680890610
0680900610
0680920610
0680930610
0680940610
0680950610
0680960610
0680980610
0680990610
0681000610
0681010610
0681020610
0681040610
0681050610
0681060610
0681070610
0681080610
0681100610
0681110610
0681120610
0681130610
0681140610
0681150610
0681160610
0681170610
0681180610
0681190610
0681210610
0681220610
0681230610
0681240610
0681250610
0681260610
0681270610
0681280610
0681290610
0681300610
0681310610
0681320610
0681330610
0681340610
0681350610
0681360610
0681370610
0681380610
0681390610
0681400610
0681410610
0681570610
0681640610
0682030610
0682040610
0682050610
0682060610
0682070610
0682080610
0682090610
0682100610
0682110610
0682120610
0682130610
0682140610
0682150610
0682160610
0682170610
0682180610
0682190610
0682200610
0682210610
0682220610
0682230610
0682240610
0682250610
0682260610
0682270610
0682280610
0682290610
0682300610
0682310610
0682320610
0682330610
0682340610
0682350610
0682360610
0682370610
0682380610
0682390610
0682400610
0682410610
0682420610
0682430610
0682440610
0682450610
0682460610
0682470610
0682480610
0682490610
0682500610
0682510610
0682520610
0682530610
0682540610
0682550610
0682560610
0682570610
0682580610
0682590610
0682600610
0682610610
0682620610
0682630610
0682640610
0682650610
0682660610
0682670610
0682680610
0682690610
0682700610
0682710610
0682720610
0682730610
0682740610
0682750610
0682760610
0682770610
0682780610
0682800610
0682810610
0682820610
0682830610
0682840610
0682850610
0682860610
0682870610
0682880610
0682890610
0682900610
0682910610
0682920610
0682930610
0682940610
0682960610
0682970610
0682980610
0682990610
0683000610
0683010610
0683020610
0683030610
0683040610
0683050610
0683060610
0683070610
0683080610
0683090610
0683100610
0683110610
0683120610
0683130610
0683140610
0683150610
0683160610
0683170610
0683180610
0683190610
0683200610
0683210610
0683220610
0683230610
0683240610
0683250610
0683260610
0683270610
0683280610
0683290610
0683300610
0683310610
0683320610
0683330610
0683340610
0683350610
0683360610
0683370610
0683380610
0683390610
0683400610
0683410610
0683420610
0683430610
0683440610
0683450610
0683460610
0683470610
0683480610
0683490610
0683500610
0683510610
0683520610
0683530610
0683540610
0683550610
0683560610
0683570610
0683580610
0683590610
0683600610
0683610610
0683620610
0683630610
0683640610
0683650610
0683660610
0683670610
0683680610
0683690610
0683700610
0683710610
0683720610
0683730610
0683740610
0683750610
0683760610
0683770610
0683780610
0683790610
0683800610
0683830610
0683840610
0683850610
0683860610
0683870610
0683880610
0683890610
0683900610
0683910610
0683920610
0683930610
0683940610
0683950610
0683960610
0683970610
0683980610
0683990610
0684000610
0684010610
0684020610
0684030610
0684040610
0684050610
0684060610
0684070610
0684080610
0684090610
0684100610
0684120610
0684130610
0684140610
0684150610
0684160610
0684170610
0684180610
0684190610
0684200610
0684210610
0684220610
0684230610
0684240610
0684250610
0684260610
0684270610
0684280610
0684290610
0684300610
0684310610
0684320610
0684330610
0684340610
0684350610
0684360610
0684370610
0684380610
0684390610
0684400610
0684410610
0684420610
0684430610
0684440610
0684450610
0684460610
0684470610
0684480610
0684490610
0684500610
0684510610
0684520610
0684530610
0684540610
0684550610
0684560610
0684570610
0684580610
0684590610
0684600610
0684620610
0684630610
0684640610
0684650610
0684660610
0684670610
0684680610
0684690610
0684700610
0684710610
0684720610
0684730610
0684740610
0684750610
0684760610
0684770610
0684780610
0684790610
0684810610
0684830610
0684840610
0684850610
0684860610
0684870610
0684880610
0684890610
0684900610
0684910610
0684920610
0684930610
0684940610
0684950610
0684960610
0685050610
0685060610
0685070610
0685080610
0685090610
0685100610
0685110610
0685120610
0685130610
0685140610
0685150610
0685160610
0685770610
0685780610
0685790610
0685800610
0685810610
0685820610
0685830610
0685840610
0685850610
0685860610
0685880610
0722570610
1
10
100
1000
100000
100001
100002
100003
100004
100005
100006
100007
100008
100009
1000094
10001#1
100010
100011
100012
100013
100014
100015
100016
100017
100018
100019
10002#1
100020
100021
100022
100023
100024
100025
100026
100027
100028
100029
10003#1
100030
100031
100032
100033
100034
100035
100036
100037
100038
100039
10004#1
100040
100041
100042
100043
100044
100045
100046
100047
100048
100049
10005#1
100050
100051
100052
100053
100054
100055
100056
100057
100058
100059
10006#1
100060
100061
100062
100063
100064
100065
100066
100067
100068
100069
10007#1
100070
100071
100072
100073
100074
100075
100076
100077
100078
100079
10008#1
100080
100081
100082
100083
100084
100085
100086
100087
100088
100089
10009
100090
100091
100092
100093
100094
100095
100096
100097
100098
100099
1001
10010#1
100100
100101
100102
100103
100104
100105
100106
100107
100108
100109
100110
100111
100112
100113
100114
100115
100116
100117
100118
100119
10012#1
100120
100121
100122
100123
100124
100125
100126
100127
100128
100129
10013#1
100130
100131
100132
100133
100134
100135
100136
100137
100138
100139
10014#1
100140
100141
100142
100143
100144
100145
100146
100147
100148
100149
10015#1
100150
100151
100152
100153
100154
100155
100156
100157
100158
100159
10016#1
100160
100161
100162
100163
100164
100165
100166
100167
100168
100169
10017#1
100170
100171
100172
100173
100174
100175
100176
100177
100178
100179
10018#1
100180
100181
100182
100183
100184
100185
100186
100187
100188
100189
10019#1
100190
100191
100192
100193
100194
100195
100196
100197
100198
100199
1002
10020#1
100200
100201
100202
100203
100204
100205
100206
100207
100208
100209
10021#1
100210
100211
100212
100213
100214
100215
100216
100217
100218
100219
10022#1
100220
100221
100222
100223
100224
100225
100226
100227
100228
100229
10023#1
100230
100231
100232
100233
100234
100235
100236
100237
100238
100239
10024#1
100240
100241
100242
100243
100244
100245
100246
100247
100248
100249
10025#1
100250
100251
100252
100253
100254
100255
100256
100257
100258
100259
100260
100261
100262
100263
100264
100265
100266
100267
100268
100269
10027#1
100270
100271
100272
100273
100274
100275
100276
100277
100278
100279
10028#1
100280
100281
100282
100283
100284
100285
100286
100287
100288
100289
10029#1
100290
100291
100292
100293
100294
100295
100296
100297
100298
100299
1003
10030#1
100300
100301
100302
100303
100304
100305
100306
100307
100308
100309
10031#1
100310
100311
100312
100313
100314
100315
100316
100317
100318
100319
10032#1
100320
100321
100322
100323
100324
100325
100326
100327
100328
100329
10033#1
100330
100331
100332
100333
100334
100335
100336
100337
100338
100339
10034#1
100340
100341
100342
100343
100344
100345
100346
100347
100348
100349
10035#1
100350
100351
100352
100353
100354
100355
100356
100357
100358
100359
10036#1
100360
100361
100362
100363
100364
100365
100366
100367
100368
100369
10037#1
100370
100371
100372
100373
100374
100375
100376
100377
100378
100379
10038#1
100380
100381
100382
100383
100384
100385
100386
100387
100388
100389
10039#1
100390
100391
100392
100393
100394
100395
100396
100397
100398
100399
1004
10040#1
100400
100401
100402
100403
100404
100405
100406
100407
100408
100409
10041#1
100410
100411
100412
100413
100414
100415
100416
100417
100418
100419
10042#1
100420
100421
100422
100423
100424
100425
100426
100427
100428
100429
10043#1
100430
100431
100432
100433
100434
100435
100436
100437
100438
100439
10044#1
100440
100441
100442
100443
100444
100445
100446
100447
100448
100449
10045#1
100450
100451
100452
100453
100454
100455
100456
100457
100458
100459
10046#1
100460
100461
100462
100463
100464
100465
100466
100467
100468
100469
10047#1
100470
100471
100472
100473
100474
100475
100476
100477
100478
100479
10048#1
100480
100481
100482
100483
100484
100485
100486
100487
100488
100489
100490
100491
100492
100493
100494
100495
100496
100497
100498
100499
1005
10050#1
100500
100501
100502
100503
100504
100505
100506
100507
100508
100509
10051#1
100510
100511
100512
100513
100514
100515
100516
100517
100518
100519
100520
100521
100522
100523
100524
100525
100526
100527
100528
100529
10053#1
100530
100531
100532
100533
100534
100535
100536
100537
100538
100539
10054#1
100540
100541
100542
100543
100544
100545
100546
100547
100548
100549
10055#1
100550
100551
100552
100553
100554
100555
100556
100557
100558
100559
10056#1
100560
100561
100562
100563
100564
100565
100566
100567
100568
100569
10057#1
100570
100571
100572
100573
100574
100575
100576
100577
100578
100579
10058#1
100580
100581
100582
100583
100584
100585
100586
100587
100588
100589
10059#1
100590
100591
100592
100593
100594
100595
100596
100597
100598
100599
1006
100600
100601
100602
100603
100604
100605
100606
100607
100608
100609
10061#1
100610
100611
100612
100613
100614
100615
100616
100617
100618
100619
10062#1
100620
100621
100622
100623
100624
100625
100626
100627
100628
100629
10063#1
100630
100631
100632
100633
100634
100635
100636
100637
100638
100639
10064#1
100640
100641
100642
100643
100644
100645
100646
100647
100648
100649
10065#1
100650
100651
100652
100653
100654
100655
100656
100657
100658
100659
100660
100661
100662
100663
100664
100665
100666
100667
100668
100669
10067#1
100670
100671
100672
100673
100674
100675
100676
100677
100678
100679
10068#1
100680
100681
100682
100683
100684
100685
100686
100687
100688
100689
10069#1
100690
100691
100692
100693
100694
100695
100696
100697
100698
100699
1007
10070#1
100700
100701
100702
100703
100704
100705
100706
100707
100708
100709
10071#1
100710
100711
100712
100713
100714
100715
100716
100717
100718
100719
100720
100721
100722
100723
100724
100725
100726
100727
100728
100729
10073#1
100730
100731
100732
100733
100734
100735
100736
100737
100738
100739
10074#1
100740
100741
100742
100743
100744
100745
100746
100747
100748
100749
10075#1
100750
100751
100752
100753
100754
100755
100756
100757
100758
100759
10076#1
100760
100761
100762
100763
100764
100765
100766
100767
100768
100769
10077#1
100770
100771
100772
100773
100774
100775
100776
100777
100778
100779
10078#1
100780
100781
100782
100783
100784
100785
100786
100787
100788
100789
10079#1
100790
100791
100792
100793
100794
100795
100796
100797
100798
100799
1008
10080#1
100800
100801
100803
100804
100805
100806
100807
100808
100809
10081#1
100810
100811
100812
100813
100814
100815
100816
100817
100818
100819
100820
100821
100822
100823
100824
100825
100826
100827
100828
100829
10083#1
100830
100831
100832
100833
100834
100835
100836
100837
100839
100840
100841
100842
100843
100844
100845
100846
100847
100848
100849
10085#1
100850
100851
100852
100853
100854
100855
100856
100857
100858
100859
10086#1
100860
100861
100862
100863
100864
100865
100866
100867
100868
100869
10087#1
100870
100871
100872
100873
100874
100875
100876
100877
100878
100879
10088#1
100880
100881
100882
100883
100884
100885
100886
100887
100888
100889
10089#1
100890
100891
100892
100893
100894
100895
100896
100897
100898
100899
1009
10090#1
100900
100901
100902
100903
100904
100905
100906
100907
100908
100909
10091#1
100910
100911
100912
100913
100914
100915
100916
100917
100918
100919
10092#1
100920
100921
100922
100923
100924
100925
100926
100927
100928
100929
10093#1
100930
100931
100932
100933
100934
100935
100936
100937
100938
100939
10094#1
100940
100941
100942
100943
100944
100945
100946
100947
100948
100949
10095#1
100950
100951
100952
100953
100954
100955
100956
100957
100958
100959
10096#1
100960
100961
100962
100963
100964
100965
100966
100967
100968
100969
10097#1
100970
100971
100972
100973
100974
100975
100976
100977
100978
100979
10098#1
100980
100981
100982
100983
100984
100985
100986
100987
100988
100989
10099#1
100990
100991
100992
100993
100995
100996
100997
100998
100999
101
1010
10100#1
101000
101001
101002
101004
101005
101006
101007
101008
101009
10101
101010
101011
101012
101013
101014
101015
101016
101017
101018
101019
101020
101021
101022
101023
101024
101025
101026
101027
101028
101029
10103#1
101030
101031
101032
101033
101034
101035
101036
101037
101038
101039
10104
101040
101041
101042
101043
101044
101045
101046
101047
101048
101049
10105#1
101050
101051
101052
101053
101054
101055
101056
101057
101058
101059
10106
101060
101061
101062
101063
101064
101065
101066
101067
101068
101069
101070
101071
101072
101073
101074
101075
101076
101077
101078
101079
10108#1
101080
101081
101082
101083
101084
101085
101086
101087
101088
101089
101090
101091
101092
101093
101094
101095
101096
101097
101098
101099
1011
10110
101100
101101
101102
101103
101104
101105
101106
101107
101108
101109
10111
101110
101111
101112
101113
101114
101115
101116
101117
101118
101119
10112
101120
101121
101122
101123
101124
101125
101126
101127
101128
101129
10113
101130
101131
101132
101133
101134
101135
101136
101137
101138
101139
10114
101140
101141
101142
101143
101144
101145
101146
101147
101148
101149
101150
101151
101152
101153
101155
101156
101157
101158
101159
10116#1
101160
101161
101162
101163
101164
101165
101166
101167
101168
101169
10117
101170
101171
101172
101173
101174
101175
101176
101177
101178
101179
10118
101180
101181
101182
101183
101184
101185
101186
101187
101188
101189
10119#1
101190
101191
101192
101193
101194
101195
101196
101197
101198
101199
1012
10120#1
101200
101201
101202
101203
101204
101205
101206
101207
101208
101209
10121
101210
101211
101212
101213
101214
101215
101216
101217
101218
101219
10122#1
101220
101221
101222
101223
101224
101225
101226
101227
101228
101229
10123#1
101230
101231
101232
101233
101234
101235
101236
101237
101238
101239
10124#1
101240
101241
101242
101243
101244
101245
101246
101247
101248
101249
10125#1
101250
101251
101252
101253
101254
101255
101256
101257
101258
101259
101260
101261
101262
101263
101264
101265
101266
101267
101268
101269
101270
101271
101272
101273
101274
101275
101276
101277
101278
101279
10128
101280
101281
101282
101283
101284
101285
101286
101287
101288
101289
10129
101290
101291
101292
101293
101294
101295
101296
101297
101298
101299
1013
10130#1
101300
101301
101302
101303
101304
101305
101306
101307
101308
101309
101310
101311
101312
101313
101314
101315
101316
101317
101318
101319
10132#1
101320
101322
101323
101324
101325
101326
101327
101328
101329
10133#1
101330
101331
101332
101333
101334
101335
101336
101337
101338
101339
10134#1
101341
101342
101344
101345
101346
101347
101348
101349
10135#1
101350
101351
101352
101353
101354
101355
101356
101357
101358
101359
10136
101360
101362
101363
101365
101366
101367
101368
101369
101370
101371
101372
101373
101374
101375
101376
101377
101378
101379
101380
101381
101382
101383
101384
101385
101386
101387
101388
101389
10139
101390
101395
101396
101397
101398
101399
1014
10140
101400
101401
101402
101403
101404
101405
101406
101407
101408
101409
101410
101411
101412
101413
101414
101415
101416
101417
101418
101419
10142
101420
101421
101422
101423
101424
101425
101426
101427
101428
101429
10143
101430
101431
101432
101433
101434
101435
101436
101437
10144
101440
101441
101442
101443
101444
101445
101446
101447
101448
101449
10145
101450
101451
101452
101453
101454
101455
101456
101457
101459
101460
101461
101462
101463
101464
101465
101466
101467
101468
101469
10147#1
101470
101471
101472
101473
101474
101475
101476
101477
101478
101479
10148
101480
101481
101483
101484
101485
101486
101487
101488
101489
101490
101491
101492
101493
101494
101495
101496
101497
101498
101499
1015
10150#1
101500
101501
101502
101503
101504
101506
101507
101508
101509
10151#1
101510
101511
101512
101513
101514
101515
101516
101517
101518
101519
10152
101520
101521
101522
101523
101524
101525
101526
101527
101528
101529
10153
101530
101531
101532
101533
101535
101536
101537
101538
101539
10154#1
101540
101541
101542
101543
101544
101545
101546
101547
101548
101549
10155#1
101550
101551
101552
101553
101554
101556
101557
101558
101559
10156#1
101560
101561
101562
101563
101564
101565
101566
101567
101568
101569
10157#1
101570
101571
101572
101573
101574
101575
101576
101577
101578
101579
10158#1
101580
101581
101582
101583
101584
101585
101586
101587
101589
10159#1
101590
101591
101592
101593
101594
101595
101596
101597
101598
101599
1016
10160#1
101600
101601
101602
101603
101604
101605
101606
101607
101608
101609
10161#1
101610
101611
101612
101613
101614
101615
101616
101617
101618
101619
10162
101620
101621
101622
101623
101624
101625
101626
101627
101628
101629
10163
101630
101631
101632
101633
101634
101635
101636
101637
101638
101639
10164
101640
101641
101642
101643
101644
101645
101646
101647
101648
101649
10165#1
101650
101651
101652
101653
101654
101655
101656
101657
101658
101659
10166#1
101660
101661
101662
101663
101664
101665
101666
101667
101668
101669
10167
101670
101671
101672
101673
101674
101675
101676
101677
101678
101679
10168#1
101680
101681
101682
101683
101684
101685
101686
101687
101688
101689
10169
101690
101691
101692
101693
101694
101695
101696
101697
101698
101699
1017
10170
101700
101701
101702
101703
101704
101705
101706
101707
101708
101709
10171#1
101710
101711
101712
101713
101714
101715
101716
101717
101718
101719
10172#1
101720
101721
101722
101723
101724
101725
101726
101727
101728
101729
10173#1
101730
101731
101732
101733
101734
101735
101736
101737
101738
101739
10174#1
101740
101741
101742
101743
101744
101745
101746
101747
101748
101749
10175#1
101750
101751
101752
101753
101754
101755
101756
101757
101758
101759
101760
101761
101762
101763
101765
101766
101767
101768
101769
10177#1
101770
101771
101772
101773
101774
101775
101776
101777
101778
101779
10178#1
101780
101781
101782
101783
101784
101785
101786
101787
101788
101789
10179#1
1017900610
1017910610
101792
101794
101795
101796
101797
101798
101799
10180#1
101800
101801
101802
101803
101804
101805
101806
101807
101808
101809
10181#1
101810
101811
101812
101814
101815
101816
101817
101818
101819
10182#1
101820
101821
101822
101823
101824
101825
101826
101827
101828
101829
10183#1
101830
101831
101832
101833
101834
101835
101836
101837
101838
101839
101840
101841
101842
101843
101844
101845
101846
101847
101848
101849
10185
101850
101851
101852
101853
101854
101855
101856
101857
101858
101859
10186
101860
101861
101862
101863
101864
101865
101866
101867
101868
101869
101870
101871
101872
101873
101874
101875
101876
101877
101878
101879
10188#1
101880
101881
101882
101883
101884
101885
101886
101887
101888
101889
10189
101890
101891
101892
101893
101894
101895
101896
101897
101898
101899
1019
10190
101900
101901
101902
101903
101904
101905
101906
101907
101908
101909
10191
101910
101911
101912
101913
101914
101915
101916
101917
101918
101919
10192
101920
101921
101922
101923
101924
101925
101926
101927
101928
101929
101930
101931
101932
101933
101934
101935
101936
101937
101938
101939
101940
101941
101942
101943
101944
101945
101946
101947
101948
101949
10195#1
101950
101951
101952
101953
101954
101955
101956
101957
101958
101959
10196#1
101960
101961
101963
101964
101965
101966
101967
101968
101969
10197#1
101970
101971
101972
101973
101974
101975
101976
101977
101978
101979
101980
101981
101982
101983
101984
101985
101986
101987
101988
101989
10199#1
101990
101991
101992
101993
101994
101995
101996
101997
101998
101999
1020
10200
102000
102001
102002
102003
102004
102005
102006
102007
102008
102009
10201#1
102010
102011
102012
102013
102014
102015
102016
102017
102018
102019
10202
102020
102021
102022
102023
102024
102025
102026
102027
102028
102029
10203#1
102030
102031
102032
102033
102034
102035
102036
102037
102038
102039
10204#1
102040
102041
102042
102043
102044
102045
102046
102047
102048
102049
10205
102050
102051
102052
102053
102054
102055
102056
102057
102058
102059
10206#1
102060
102061
102062
102063
102064
102065
102066
102067
102068
102069
10207
102070
102071
102072
102073
102074
102075
102076
102077
102078
102079
10208
102080
102081
102082
102083
102084
102085
102086
102087
102088
102089
10209
102090
102091
102092
102093
102094
102095
102096
102097
102098
102099
1021
10210
102100
102101
102102
102103
102104
102105
102106
102107
102108
102109
10211
102110
102111
102112
102113
102114
102115
102116
102117
102118
102119
10212
102120
102121
102122
102123
102124
102125
102126
102127
102128
102129
10213#1
102130
102131
102132
102133
102134
102135
102136
102137
102138
102139
10214
102140
102141
102142
102143
102144
102145
102146
102147
102148
102149
10215
102150
102151
102152
102153
102154
102155
102156
102157
102158
102159
10216
102160
102161
102162
102163
102164
102165
102166
102167
102168
102169
10217
102170
102171
102172
102173
102174
102175
102176
102177
102178
102179
10218
102180
102181
102182
102183
102184
102185
102186
102187
102188
102189
10219#1
102190
102191
102192
102193
102194
102195
102196
102197
102198
102199
1022
10220#1
102200
102201
102202
102203
102204
102205
102206
102207
102208
102209
10221
102210
102211
102212
102213
102214
102215
102216
102217
102218
102219
10222#1
102220
102221
102222
102223
102224
102225
102226
102227
102228
102229
10223
102230
102231
102232
102233
102234
102235
102236
102237
102238
102239
102240
102241
102242
102243
102244
102245
102246
102247
102248
102249
10225#1
102250
102251
102252
102253
102254
102255
102256
102257
102258
102259
10226
102260
102261
102262
102263
102264
102265
102266
102267
102268
102269
10227#1
102270
102271
102272
102273
102274
102275
102276
102277
102278
102279
10228#1
102280
102281
102282
102283
102284
102285
102286
102287
102288
102289
10229#1
102290
102291
102292
102293
102294
102295
102296
102297
102298
102299
1023
10230
102300
102301
102302
102303
102304
102305
102306
102307
102308
102309
10231
102310
102311
102312
102313
102314
102315
102316
102317
102318
102319
10232
102320
102321
102322
102323
102324
102325
102326
102327
102328
102329
10233
102330
102331
102332
102333
102334
102335
102336
102337
102338
102339
10234
102340
102341
102342
102343
102344
102345
102346
102347
102348
102349
10235
102350
102351
102352
102353
102354
102355
102356
102357
102358
102359
10236
102360
102361
102362
102363
102364
102365
102366
102367
102368
102369
10237
102370
102371
102372
102373
102374
102375
102376
102377
102378
102379
10238
102380
102381
102382
102383
102384
102385
102386
102387
102388
102389
10239
102390
102391
102392
102393
102394
102395
102396
102397
102398
102399
10240#1
102400
102401
102402
102403
102404
102405
102406
102407
102408
102409
10241#1
102410
102411
102412
102413
102414
102415
102416
102417
102418
102419
10242
102420
102421
102422
102423
102424
102425
102426
102427
102428
10243#1
102430
102431
102432
102433
102434
102435
102436
102437
102438
102439
10244#1
102440
102441
102442
102443
102444
102445
102446
102447
102448
102449
10245#1
102450
102451
102452
102453
102454
102455
102456
102457
102458
102459
10246#1
102460
102461
102462
102463
102464
102465
102466
102467
102468
102469
10247#1
102470
102471
102472
102473
102474
102475
102476
102477
102478
102479
10248#1
102480
102481
102482
102483
102484
102485
102486
102487
102488
102489
10249#1
102490
102491
102492
102493
102494
102495
102496
102497
102498
102499
1025
10250#1
102500
102501
102502
102503
102504
102505
102506
102507
102508
102509
10251
102510
102511
102512
102513
102514
102515
102516
102517
102518
102519
10252
102520
102521
102522
102523
102524
102525
102526
102527
102528
102529
10253
102530
102531
102532
102533
102534
102535
102536
102537
102538
102539
10254
102540
102541
102542
102543
102544
102545
102546
102547
102548
102549
10255
102550
102551
102552
102553
102554
102555
102556
102557
102558
102559
10256
102560
102561
102562
102563
102564
102565
102566
102567
102568
102569
10257#1
102570
102571
102572
102573
102574
102575
102576
102577
102578
102579
10258#1
102580
102581
102582
102583
102584
102585
102586
102587
102588
102589
10259
102590
102591
102592
102593
102594
102595
102596
102597
102598
102599
1026
10260#1
102600
102601
102602
102603
102604
102605
102606
102607
102608
102609
102610
102611
102612
102613
102614
102615
102616
102617
102618
102619
10262#1
102620
102621
102622
102623
102624
102625
102626
102627
102628
102629
102630
102631
102632
102633
102634
102635
102636
102637
102638
102639
10264#1
102640
102641
102642
102643
102644
102645
102646
102647
102648
102649
10265#1
102650
102651
102652
102653
102654
102655
102656
102657
102658
102659
10266#1
102660
102661
102662
102663
102664
102665
102666
102667
102668
102669
10267#1
102670
102671
102672
102673
102674
102675
102676
102677
102678
102679
10268#1
102680
102681
102682
102683
102684
102685
102686
102687
102688
102689
10269#1
102690
102691
102692
102693
102694
102695
102696
102697
102698
102699
1027
10270#1
102700
102701
102702
102703
102704
102705
102706
102707
102708
102709
10271#1
102710
102711
102712
102713
102714
102715
102716
102717
102718
102719
10272#1
102720
102721
102722
102723
102724
102725
102726
102727
102728
102729
10273#1
102730
102731
102732
102733
102734
102735
102736
102737
102738
102739
10274#1
102740
102742
102743
102744
102745
102746
102747
102748
102749
102750
102751
102752
102753
102754
102755
102756
102757
102758
102759
10276#1
102760
102761
102762
102763
102764
102765
102766
102767
102768
102769
10277#1
102770
102771
102772
102773
102774
102775
102776
102777
102778
102779
10278#1
102780
102781
102782
102783
102784
102785
102786
102787
102788
102789
10279#1
102790
102791
102792
102793
102794
102795
102796
102797
102798
102799
1028
10280#1
102800
102801
102802
102803
102804
102805
102806
102807
102808
102809
10281#1
102810
102811
102812
102813
102814
102815
102816
102817
102818
102819
10282#1
102820
102821
102822
102823
102824
102825
102826
102827
102828
102829
10283#1
102830
102831
102832
102833
102834
102835
102836
102837
102838
102839
10284#1
102840
102841
102842
102843
102844
102845
102846
102847
102848
102849
10285#1
102850
102851
102852
102853
102854
102855
102856
102857
102858
102859
10286#1
102860
102861
102862
102863
102864
102865
102866
102867
102868
102869
10287#1
102870
102871
102872
102873
102874
102875
102876
102877
102878
102879
10288#1
102880
102881
102882
102883
102884
102885
102886
102887
102888
102889
10289#1
102890
102891
102892
102893
102894
102895
102896
102897
102898
102899
10290#1
102900
102901
102902
102903
102904
102905
102906
102907
102908
102909
10291#1
102910
102911
102912
102913
102914
102915
102916
102917
102918
102919
10292#1
102920
102921
102922
102923
102924
102925
102926
102927
102928
102929
10293#1
102930
102931
102932
102933
102934
102935
102936
102937
102938
102939
10294#1
102940
102941
102942
102943
102944
102945
102946
102947
102948
102949
10295#1
102950
102951
102952
102953
102954
102955
102956
102957
102958
102959
10296#1
102960
102961
102962
102963
102964
102965
102966
102967
102968
102969
10297#1
102970
102971
102972
102973
102974
102975
102976
102977
102978
102979
10298#1
102980
102981
102982
102983
102984
102985
102986
102987
102988
102989
10299#1
102990
102991
102992
102993
102994
102995
102996
102997
102998
102999
1030
10300#1
103000
103001
103002
103003
103004
103005
103006
103007
103008
103009
10301#1
103010
103011
103012
103013
103014
103015
103016
103017
103018
103019
10302#1
103020
103021
103022
103023
103024
103025
103026
103027
103028
103029
10303#1
103030
103031
103032
103033
103034
103035
103036
103037
103038
103039
103040
103041
103042
103043
103044
103045
103046
103047
103048
103049
10305#1
103050
103051
103052
103053
103054
103055
103056
103057
103058
103059
10306#1
103060
103061
103062
103063
103064
103065
103066
103067
103068
103069
10307#1
103070
103071
103072
103073
103074
103075
103076
103077
103078
103079
10308#1
103080
103081
103082
103083
103084
103085
103086
103087
103088
103089
10309#1
103090
103091
103092
103093
103094
103095
103096
103097
103098
103099
1031
10310#1
103100
103101
103102
103103
103104
103105
103106
103107
103108
103109
10311#1
103110
103111
103112
103113
103114
103115
103116
103117
103118
103119
10312#1
103120
103121
103122
103123
103124
103125
103126
103127
103128
103129
10313#1
103130
103131
103132
103133
103134
103135
103136
103137
103138
103139
10314#1
103140
103141
103142
103143
103144
103145
103146
103147
103148
103149
10315#1
103150
103151
103152
103153
103154
103155
103156
103157
103158
103159
10316#1
103160
103161
103162
103163
103164
103165
103166
103167
103168
103169
10317#1
103170
103171
103172
103173
103174
103175
103176
103177
103178
103179
10318#1
103180
103181
103182
103183
103184
103185
103186
103187
103188
103189
10319#1
103190
103191
103192
103193
103194
103195
103196
103197
103198
103199
1032
10320#1
103200
103201
103202
103203
103204
103205
103206
103207
103208
103209
10321#1
103210
103211
103212
103213
103214
103215
103216
103217
103218
103219
10322#1
103220
103222
103223
103224
103225
103226
103227
103228
103229
10323#1
103230
103231
103232
103233
103234
103235
103236
103237
103238
103239
10324
103240
103241
103242
103243
103244
103245
103246
103247
103248
103249
10325#1
103250
103251
103252
103253
103254
103255
103256
103257
103258
103259
10326#1
103260
103261
103262
103263
103264
103265
103266
103267
103268
103269
10327#1
103270
103271
103272
103273
103274
103275
103276
103277
103278
103279
10328#1
103280
103281
103282
103283
103284
103285
103286
103287
103288
103289
10329#1
103290
103293
103294
103295
103296
103297
103298
103299
1033
10330#1
103300
103301
103302
103303
103304
103305
103306
103307
103308
103309
10331#1
103310
103311
103312
103313
103314
103315
103316
103317
103318
103319
10332#1
103320
103321
103322
103323
103324
103325
103326
103327
103328
103329
10333#1
103330
103331
103332
103333
103334
103335
103336
103337
103338
103339
10334#1
103340
103341
103342
103343
103344
103345
103346
103347
103348
103349
10335#1
103350
103351
103352
103353
103354
103355
103356
103357
103358
103359
10336#1
103360
103361
103362
103363
103364
103365
103366
103367
103368
103369
10337#1
103370
103371
103372
103373
103374
103375
103376
103377
103378
103379
10338#1
103380
103381
103382
103383
103384
103385
103386
103387
103388
103389
10339#1
103390
103391
103392
103393
103394
103395
103396
103397
103398
103399
1034
10340#1
103400
103401
103402
103403
103404
103405
103406
103407
103408
103409
10341#1
103410
103411
103412
103413
103414
103415
103416
103417
103418
103419
10342#1
103420
103421
103422
103423
103424
103425
103426
103427
103428
103429
10343#1
103430
103431
103432
103433
103434
103435
103436
103437
103438
103439
10344#1
103440
103441
103442
103443
103444
103445
103446
103447
103448
10345#1
103450
103451
103452
103453
103454
103455
103456
103457
103458
103459
10346#1
103460
103461
103462
103463
103464
103465
103466
103467
103468
103469
10347#1
103470
103471
103472
103473
103474
103475
103476
103477
103478
103479
10348#1
103480
103481
103482
103483
103484
103485
103486
103487
103488
103489
10349#1
103490
103491
103492
103493
103494
103495
103496
103497
103498
103499
1035
10350#1
103500
103501
103502
103503
103504
103505
103506
103507
103508
103509
10351#1
103510
103511
103512
103513
103514
103515
103516
103517
103518
103519
103520
103521
103522
103523
103524
103525
103526
103527
103528
103529
10353#1
103530
103531
103532
103533
103534
103535
103536
103537
103538
103539
10354#1
103540
103541
103542
103543
103544
103545
103546
103547
103548
103549
10355#1
103550
103551
103552
103553
103554
103555
103556
103557
103558
103559
10356#1
103560
103561
103562
103563
103564
103565
103566
103567
103568
103569
10357#1
103570
103571
103572
103573
103574
103575
103576
103577
103578
103579
10358#1
103580
103581
103582
103583
103584
103585
103586
103587
103588
103589
10359#1
103590
103591
103592
103593
103594
103595
103596
103597
103598
103599
1036
10360#1
103600
103601
103602
103603
103604
103605
103606
103607
103608
103609
10361#1
103610
103611
103612
103613
103614
103615
103616
103617
103618
103619
10362#1
103620
103621
103622
103623
103624
103625
103626
103627
103628
103629
10363#1
103630
103631
103632
103633
103634
103635
103636
103637
103638
103639
10364#1
103640
103641
103642
103643
103644
103645
103646
103647
103648
103649
10365#1
103650
103651
103652
103653
103654
103655
103656
103657
103658
103659
10366#1
103660
103661
103662
103663
103664
103665
103666
103667
103668
103669
10367#1
103670
103671
103672
103673
103674
103675
103676
103677
103678
103679
10368#1
103680
103681
103682
103683
103684
103685
103686
103687
103688
103689
10369#1
103690
103691
103692
103693
103694
103695
103696
103697
103698
103699
1037
10370#1
103700
103701
103702
103703
103704
103705
103706
103707
103708
103709
10371#1
103710
103711
103712
103713
103714
103715
103716
103717
103718
103719
10372#1
103720
103721
103722
103723
103724
103725
103726
103727
103728
103729
10373#1
103730
103731
103732
103733
103734
103735
103736
103737
103738
103739
10374#1
103740
103741
103742
103743
103744
103745
103746
103747
103748
103749
10375#1
103750
103751
103752
103753
103754
103755
103756
103757
103758
103759
10376#1
103760
103761
103762
103763
103764
103765
103766
103767
103768
103769
10377#1
103770
103771
103772
103773
103774
103775
103776
103777
103778
103779
10378
103780
103781
103782
103783
103784
103785
103786
103787
103788
103789
10379#1
103790
103791
103792
103793
103794
103795
103796
103797
103798
103799
1038
10380#1
103800
103801
103802
103803
103804
103805
103806
103807
103808
103809
10381#1
103810
103811
103812
103813
103814
103815
103816
103817
103818
103819
103820
103821
103822
103823
103824
103825
103826
103827
103828
103829
10383#1
103830
103831
103832
103833
103834
103835
103836
103837
103838
103839
10384#1
103840
103841
103842
103843
103844
103845
103846
103847
103848
103849
10385#1
103850
103851
103852
103853
103854
103855
103856
103857
103858
103859
10386#1
103860
103861
103862
103863
103864
103865
103866
103867
103868
103869
10387#1
103870
103871
103872
103873
103874
103875
103876
103877
103878
103879
10388#1
103880
103881
103882
103883
103884
103885
103886
103887
103888
103889
10389#1
103890
103891
103892
103893
103894
103895
103896
103897
103898
103899
1039
10390#1
103900
103901
103902
103903
103904
103905
103906
103907
103908
103909
10391#1
103910
103911
103912
103913
103914
103915
103916
103917
103918
103919
10392#1
103920
103921
103922
103923
103924
103925
103926
103929
10393#1
103930
103931
103932
103933
103934
103935
103936
103937
103938
103939
10394#1
103940
103941
103942
103943
103944
103945
103946
103947
103948
103949
10395#1
103950
103951
103952
103953
103954
103955
103956
103957
103958
103959
10396#1
103960
103961
103962
103963
103964
103965
103966
103967
103968
103969
10397#1
103970
103971
103972
103973
103974
103975
103976
103977
103978
103979
10398#1
103980
103981
103982
103983
103984
103985
103986
103987
103988
103989
10399#1
103990
103991
103992
103993
103994
103995
103996
103997
103998
103999
1040
10400#1
104000
104001
104002
104003
104004
104005
104006
104007
104008
104009
10401#1
104010
104011
104012
104013
104014
104015
104016
104017
104018
104019
10402#1
104020
104021
104022
104023
104024
104025
104026
104027
104028
104029
10403#1
104030
104031
104032
104033
104034
104035
104036
104037
104038
104039
10404#1
104040
104041
104042
104043
104044
104045
104046
104047
104048
104049
104050
104051
104052
104053
104054
104055
104056
104057
104058
104059
104060
104061
104062
104063
104064
104065
104066
104067
104068
104069
10407#1
104070
104071
104072
104073
104074
104075
104076
104077
104078
104079
10408#1
104080
104081
104082
104083
104084
104085
104086
104087
104088
104089
10409#1
104090
104091
104092
104093
104094
104095
104096
104097
104098
104099
1041
10410#1
104100
104102
104103
104104
104105
104106
104107
104108
104109
104110
104111
104112
104113
104114
104115
104116
104117
104118
104119
10412#1
104120
104121
104122
104123
104124
104125
104126
104127
104128
104129
10413#1
104130
104131
104132
104133
104134
104135
104136
104137
104138
104139
10414#1
104140
104141
104142
104143
104144
104145
104146
104147
104148
104149
104150
104151
104152
104153
104154
104155
104156
104157
104158
104159
10416#1
104160
104161
104162
104163
104165
104166
104167
104168
104169
10417#1
104170
104171
104172
104173
104174
104175
104176
104177
104178
104179
104180
104181
104182
104183
104184
104185
104186
104187
104189
10419#1
104190
104191
104192
104193
104194
104196
104197
104198
104199
1042
10420#1
104200
104201
104202
104203
104204
104205
104206
104208
104209
10421#1
104210
104211
104212
104213
104214
104215
104216
104217
104218
104219
10422#1
104220
104221
104222
104223
104224
104225
104226
104227
104228
104229
10423
104230
104231
104232
104233
104234
104235
104236
104237
104238
104239
10424#1
104240
104241
104242
104243
104244
104245
104246
104247
104248
104249
10425#1
104250
104251
104252
104253
104254
104255
104256
104257
104258
104259
10426#1
104260
104261
104262
104263
104264
104265
104267
104268
104269
10427#1
104270
104271
104272
104273
104274
104275
104276
104277
104278
104279
10428
104280
104281
104282
104283
104284
104285
104286
104287
104288
104289
10429#1
104290
104291
104292
104293
104294
104295
104296
104297
104298
104299
1043
104300
104301
104302
104303
104304
104305
104306
104307
104308
104309
10431#1
104310
104311
104312
104313
104314
104315
104316
104317
104318
104319
10432#1
104320
104321
104322
104323
104324
104325
104326
104327
104328
104329
10433#1
104330
104331
104332
104333
104334
104335
104336
104337
104338
104339
10434#1
104340
104341
104342
104343
104344
104345
104346
104347
104348
104349
10435#1
104350
104351
104352
104353
104354
104355
104356
104357
104358
104359
10436#1
104360
104361
104362
104363
104364
104365
104366
104367
104368
104369
104370
104371
104372
104373
104374
104375
104376
104377
104378
104379
104380
104381
104382
104383
104384
104385
104386
104387
104388
104389
10439#1
104390
104391
104392
104393
104394
104395
104396
104397
104398
104399
1044
104400
104401
104402
104403
104404
104405
104406
104407
104408
104409
10441#1
104410
104411
104412
104413
104414
104415
104416
104417
104418
104419
10442#1
104420
104421
104422
104423
104424
104425
104426
104427
104428
104429
104430
104431
104432
104433
104434
104435
104436
104437
104438
104439
10444#1
104440
104441
104442
104443
104444
104445
104446
104447
104448
104449
104450
104451
104452
104453
104454
104455
104456
104457
104458
104459
10446#1
104460
104461
104462
104463
104464
104465
104466
104467
104468
104469
10447#1
104470
104471
104472
104473
104474
104475
104476
104477
104478
104479
104480
104481
104482
104483
104484
104485
104486
104487
104488
104489
104490
104491
104492
104493
104494
104495
104496
104497
104498
104499
1045
104500
104501
104502
104503
104504
104505
104506
104507
104508
104509
10451#1
104510
104511
104512
104513
104514
104515
104516
104517
104518
104519
104520
104521
104522
104523
104524
104525
104526
104527
104528
104529
104530
104531
104532
104533
104534
104535
104536
104537
104538
104539
104540
104541
104542
104543
104544
104545
104546
104547
104548
104549
10455#1
104550
104551
104552
104553
104554
104555
104556
104557
104558
104559
10456#1
104560
104561
104562
104563
104564
104565
104566
104567
104568
104569
104571
104572
104573
104574
104575
104576
104577
104578
104579
10458#1
104580
104581
104582
104583
104584
104585
104586
104587
104588
104589
10459#1
104590
104591
104592
104593
104594
104595
104596
104597
104598
104599
1046
10460#1
104600
104601
104602
104603
104604
104605
104606
104607
104608
104609
104610
104611
104612
104613
104614
104615
104616
104618
104619
104620
104621
104622
104623
104624
104625
104626
104627
104628
104629
104630
104631
104632
104633
104634
104635
104636
104637
104638
104639
104640
104641
104642
104643
104644
104645
104646
104647
104648
104649
10465#1
104650
104651
104652
104653
104654
104655
104656
104657
104658
104659
104660
104661
104662
104663
104664
104665
104666
104667
104668
104669
104670
104671
104672
104673
104674
104675
104676
104677
104678
104679
104680
104681
104682
104683
104684
104685
104686
104687
104688
104689
104690
104691
104692
104693
104694
104695
104696
104697
104698
104699
1047
10470#1
104700
104701
104702
104703
104704
104705
104706
104707
104708
104709
104710
104711
104712
104713
104714
104715
104716
104717
104718
104719
104720
104721
104722
104723
104724
104725
104726
104727
104728
104729
10473#1
104730
104731
104732
104733
104734
104735
104736
104737
104738
104739
10474
104740
104741
104742
104743
104744
104745
104746
104747
104748
104749
10475#1
104750
104751
104752
104753
104754
104755
104756
104757
104758
104759
10476#1
104760
104761
104762
104763
104764
104765
104766
104767
104768
104769
10477
104770
104771
104772
104773
104774
104775
104776
104777
104778
104779
104780
104781
104782
104783
104784
104785
104786
104787
104788
104789
104790
104791
104792
104793
104794
104795
104796
104797
104798
104799
104800
104801
104802
104803
104804
104805
104806
104807
104808
104809
104810
104811
104812
104813
104814
104815
104816
104817
104818
104819
104821
104822
104823
104824
104825
104827
104828
104829
104830
104831
104832
104833
104834
104835
104836
104837
104838
104839
10484#1
104840
104841
104842
104843
104844
104845
104846
104847
104848
104849
10485#1
104850
104851
104852
104853
104854
104855
104856
104857
104858
104859
104860
104861
104862
104863
104864
104865
104866
104867
104868
104869
10487#1
104870
104871
104872
104873
104874
104875
104876
104877
104878
104879
10488#1
104880
104881
104882
104883
104884
104885
104886
104887
104888
104889
104890
104891
104892
104893
104894
104895
104896
104897
104898
104899
1049
104900
104901
104902
104903
104904
104905
104906
104907
104908
104909
104910
104911
104912
104913
104914
104915
104916
104917
104918
104919
10492#1
104920
104921
104922
104923
104924
104925
104926
104927
104928
104929
10493#1
104930
104931
104932
104933
104937
104938
104940
104941
104942
104948
104949
10495#1
104950
104951
104952
104953
104954
104955
104956
104957
104958
104959
104960
104961
104962
104963
104964
104965
104966
104967
104968
104969
104970
104971
104972
104973
104974
104975
104976
104977
104978
104979
104980
104981
104982
104983
104984
104985
104986
104987
104988
1049890610
10499#1
1049900610
1049910610
1049920610
1049930610
1049940610
1049950610
1049960610
1049970610
1049980610
1049990610
1050
10500#1
1050000610
1050010610
10501#1
10502#1
105023
105025
1050260610
1050270610
1050280610
1050290610
1050300610
1050310610
1050320610
1050330610
1050340610
1050350610
1050390610
10504#1
1050400610
1050410610
1050420610
1050430610
1050440610
1050450610
1050460610
1050470610
1050480610
1050490610
1050500610
1050510610
1050520610
1050530610
1050540610
1050550610
1050560610
1050570610
1050580610
1050590610
1050600610
1050610610
1050630610
1050640610
1050650610
1050660610
1050670610
1050680610
1050690610
10507#1
1050700610
1050710610
1050720610
1050730610
1050740610
1050750610
1050760610
1050770610
1050780610
1050790610
10508#1
1050800610
1050810610
1050820610
105083
1050840610
1050850610
1050860610
10509#1
1050930610
1050940610
1050950610
1050960610
1050970610
1050980610
1050990610
1051
1051000610
1051010610
1051020610
1051030610
1051040610
1051050610
1051060610
1051070610
1051080610
1051090610
1051100610
1051110610
1051120610
1051130610
1051140610
1051150610
1051160610
1051170610
1051180610
1051190610
10512#1
1051200610
1051210610
1051220610
1051260610
105127
1051280610
1051290610
1051300610
1051310610
1051320610
1051330610
1051340610
1051350610
1051360610
1051370610
1051380610
1051390610
10514#1
1051400610
1051410610
1051420610
1051430610
1051440610
1051450610
1051490610
10515#1
1051500610
1051510610
1051520610
1051530610
1051540610
1051550610
10517#1
10518#1
10519
1052
10521#1
10522#1
10524#1
10527#1
10529#1
1053
10533#1
10534#1
10535#1
10537#1
10538#1
10539#1
1054
10540#1
10541#1
10545#1
10549#1
1055
10550#1
10551
10553#1
10554#1
10555
10557#1
10558#1
10559#1
1056
10560#1
10561#1
10563#1
10564#1
10565
10568#1
10569#1
1057
10572#1
10574#1
10576#1
10577#1
10578#1
10579#1
1058
10580#1
10581
10583#1
10584#1
10585#1
10586#1
1058706
1059
10591#1
10592#1
10593#1
10596#1
10597#1
10598#1
10599#1
106
1060
10600#1
10602#1
10603#1
10604#1
10605
10607#1
10608#1
10609#1
1061
10610#1
10611#1
10613#1
10615#1
10617
10618#1
10619#1
1062
10620#1
10621
10622#1
10623#1
10624
10625#1
10626#1
10627
10628#1
10629
1063
10630#1
10631#1
10632#1
10634#1
10635#1
10636#1
10637#1
10638#1
10639#1
1064
10641#1
10642#1
10643#1
10644
10645#1
10646#1
10647#1
10648#1
10649#1
1065
10650#1
10651
10653#1
10654#1
10655#1
10656#1
10658#1
10659#1
1066
10660#1
10662#1
10663#1
10665#1
10666#1
10667#1
10668#1
10669#1
1067
10670#1
10671#1
10672#1
10674#1
10675
10676#1
10678#1
10679#1
1068
10681
10682#1
10683
10684
10685
10686
10687
10688
10689#1
1069
10690#1
10691#1
10693#1
10694#1
10696#1
10697#1
10698#1
10699#1
1070
10700
10701#1
10702#1
10706#1
10707#1
1071
10712
10714#1
10715#1
10716#1
10718#1
10719#1
1072
10721#1
10722#1
10723#1
10724#1
10725#1
10727#1
10728#1
10729#1
1073
10731#1
10733#1
10734#1
10735#1
10736#1
10737#1
10739#1
1074
10741#1
10742#1
10743#1
10744#1
10745#1
10746#1
10747#1
10748#1
10749#1
10750#1
10751#1
10752#1
10753#1
10754#1
10755
10756#1
10759#1
1076
10760#1
10762#1
10763#1
10764#1
10765#1
10767#1
10768#1
10769#1
10770#1
10771#1
10772#1
10773#1
10777#1
10778#1
10779#1
10780#1
10781#1
10782#1
10783#1
10784#1
10785#1
10787#1
10788#1
10789#1
1079
10790#1
10791#1
10792#1
10793#1
10794#1
10795#1
10796#1
10797#1
10798#1
10799#1
108
1080
10800#1
10801#1
10802#1
10803#1
10804#1
10805#1
10806#1
10808
10809#1
1081
10810#1
10811#1
10813#1
10814#1
10815#1
10816#1
10817#1
10818#1
1082
10820#1
10821#1
10822#1
10823#1
10824#1
10825#1
10826#1
10827#1
10828#1
10829#1
1083
10830#1
10831#1
10832#1
10833#1
10834#1
10836#1
10837#1
10838#1
10839#1
1084
10840#1
10841#1
10842#1
10843#1
10845#1
10848#1
10849#1
1085
10850#1
10851#1
10854
10855#1
10856#1
10857#1
10858#1
10859
1086
10860#1
10861
10862#1
10863#1
10865#1
10866#1
10867#1
10869#1
1087
10870#1
10871#1
10872#1
10873#1
10874#1
10875#1
10876#1
10877#1
10878
10879#1
1088
10880#1
10881#1
10882#1
10883
10884#1
10885#1
10886#1
10887#1
10888#1
10889#1
1089
10890#1
10891#1
10894#1
10895#1
10896#1
10897#1
10899
109
1090
10900#1
10901#1
10902#1
10903#1
10904#1
10905#1
10906#1
10907#1
10908#1
1091
10910#1
10911#1
10912#1
10913#1
10914#1
10915#1
10916#1
10917#1
10918#1
10919#1
1092
10920#1
10921#1
10923#1
10924#1
10925#1
10926#1
10927#1
10928#1
10929#1
1093
10930#1
10931#1
10932#1
10933#1
10934
10935#1
10936#1
10938#1
10939#1
1094
10940#1
10941#1
10942#1
10944#1
10945#1
10947#1
1095
10951#1
10952#1
10955#1
10958#1
10959#1
1096
10960#1
10961#1
10962#1
10965#1
10966#1
10967#1
10968#1
10969
1097
10971#1
10973#1
10974#1
10976#1
10977#1
10978#1
10979#1
1098
10980#1
10981#1
10982#1
10984
10985#1
10987#1
10988#1
10989#1
1099
10990#1
10992#1
10995#1
10998#1
10999#1
11
110
1100
11004#1
11005#1
11006
11007#1
11008#1
11009#1
1101
11012#1
11013#1
11014#1
11015#1
11017#1
11018#1
11019
1102
11020
11021#1
11022#1
11023
11024#1
11025
11026#1
11027#1
11028#1
11029#1
1103
11030#1
11031#1
11033#1
11034#1
11035#1
11039
1104
11040#1
11041#1
11042#1
11043#1
11044#1
11045#1
11046#1
11048#1
11049#1
1105
11050#1
11051#1
11052#1
11056
11057#1
11059#1
1106
11060
11061#1
11062#1
11063#1
11064#1
11065
11066
11067#1
11068
11070#1
11072#1
11074#1
11075#1
11076#1
11079#1
1108
11080#1
11081#1
11083#1
11084#1
11085#1
11086#1
11087#1
11088#1
11089#1
1109
11090#1
11091#1
11093#1
11094#1
11095#1
11096#1
11097#1
11098#1
11099
111
1110
11100#1
11101#1
11102#1
11103#1
11104#1
11105#1
11106#1
11108#1
11109#1
11111#1
11112#1
11114#1
11115#1
11117#1
11118#1
11119#1
1112
11120#1
11121#1
11123#1
11124#1
11126#1
11127#1
11128#1
11129#1
1113
11130#1
11131#1
11132
11133#1
11134#1
11135#1
11136#1
11137#1
11138#1
11139#1
1114
11140#1
11141#1
11142#1
11144#1
11145#1
11146#1
11147#1
11148#1
11149#1
1115
11150#1
11151#1
11152#1
11153#1
11154#1
11155#1
11156#1
11157#1
11158#1
11159#1
1116
11160#1
11161#1
11162
11164#1
11165
11166#1
11167
11168#1
11169#1
1117
11170#1
11171#1
11172#1
11173#1
11174#1
11175#1
11176
11177#1
11178#1
11179
1118
11180
11182#1
11183#1
11184#1
11187
11188#1
1119
11192
11195#1
11196#1
11197#1
11199#1
112
11200#1
11201#1
11202#1
11204#1
11205#1
11206#1
11208#1
11209
1121
11212
11213
11214#1
11216#1
11218#1
11219#1
1122
11220#1
11221#1
11222#1
11223#1
11224
11225#1
11226#1
11227#1
11228#1
11229#1
11230#1
11231#1
11233#1
11234#1
11235#1
11236#1
11237#1
11238#1
11239#1
1124
11240#1
11241#1
11242#1
11243
11244
11245#1
11246#1
11247#1
11248#1
11249#1
1125
11250#1
11251
11252#1
11253#1
11254#1
11255#1
11256#1
11258#1
11259#1
11260#1
11261#1
11262#1
11263#1
11266#1
11267#1
11270#1
11271#1
11273#1
11274#1
11275#1
11276#1
11277#1
11278#1
11279#1
1128
11281#1
11282
11283#1
11289#1
1129
11290#1
11291#1
11292#1
11293#1
11294#1
11295
11296#1
11297#1
11298#1
113
1130
11300#1
11301#1
11302#1
11304#1
11305#1
11306#1
11307
11308
11309
1131
11310
11311
11312
11313#1
11314#1
11315#1
11316#1
11317
11318
11319
1132
11321#1
11322#1
11325#1
11328
11329#1
1133
11330
11333#1
11334#1
11335#1
11336#1
11337#1
11338#1
1134
11340#1
11343#1
11344#1
11345#1
11346#1
11347#1
11348#1
11349#1
11350#1
11351#1
11353#1
11355#1
11358#1
11359#1
1136
11360#1
11363#1
11364#1
11365#1
11368#1
1137
11370#1
11372#1
11374#1
11375#1
11376#1
11377#1
11378#1
11379#1
11381#1
11382#1
11383
11385#1
11387
11389#1
1139
11390#1
11391#1
11392#1
11394#1
11395#1
11396#1
11397#1
11398
11399#1
114
1140
11400#1
11401#1
11402#1
11403#1
11404
11406#1
11407#1
11408#1
11410#1
11411#1
11412#1
11413#1
11416#1
11417#1
11418#1
11419#1
1142
11421#1
11422#1
11423
11424#1
11425#1
11426#1
11427#1
11428#1
11429
1143
11430#1
11431#1
11432#1
11433#1
11434#1
11435#1
11436#1
11438#1
11439#1
1144
11440#1
11441#1
11442#1
11444#1
11445#1
11446#1
11447#1
11448#1
11449#1
1145
11452#1
11453
11455#1
11456#1
11457#1
11458#1
1146
11461#1
11462#1
11463#1
11464#1
11465#1
11466#1
11467
11468
11469#1
1147
11471#1
11472#1
11473#1
11474#1
11475#1
11476#1
11478#1
11479#1
1148
11480#1
11481#1
11482
11483#1
11484#1
11486#1
11487#1
11488#1
11489#1
1149
11491#1
11492#1
11493#1
11494
11495#1
11496#1
11497#1
115
11500#1
11501#1
11502#1
11503#1
11506#1
11508#1
11509#1
1151
11510#1
11511#1
11512#1
11513#1
11515#1
11516
11518#1
11519#1
1152
11520#1
11521#1
11523#1
11524#1
11525#1
11526
11528#1
11529#1
11530#1
11531#1
11532
11536#1
11537#1
11538#1
11539
1154
11540#1
11541#1
11542#1
11543#1
11544#1
11545#1
11546#1
11547#1
11548#1
11549#1
1155
11550#1
11551#1
11553#1
11555#1
11556#1
11557#1
11558
11559#1
1156
11561#1
11562#1
11564
11566
11567#1
11568
11569#1
1157
11570#1
11571#1
11572#1
11573#1
11574
11575
11576
11577
11578#1
11579#1
1158
11580#1
11581#1
11582#1
11584#1
11585#1
11586#1
11588#1
1159
11590#1
11592#1
11594#1
11595#1
11596#1
11597
11598#1
11599#1
116
1160
11602
11603#1
11604#1
11606#1
11607#1
11608#1
1161
11610#1
11611#1
11612#1
11613
11614#1
11615#1
11616#1
11617#1
11618#1
11621#1
11623#1
11624#1
11625#1
11626#1
11627#1
11628#1
11629#1
1163
11631#1
11632#1
11633#1
11634#1
11635#1
11636#1
11637#1
11638#1
11639#1
1164
11640#1
11641
11642#1
11643#1
11644#1
11645#1
11646#1
11647#1
11648#1
11649#1
1165
11650#1
11651#1
11652#1
11653#1
11654#1
11655#1
11656#1
11658#1
11659#1
1166
11660#1
11661
11662#1
11664#1
11665#1
11666#1
11668#1
11669#1
1167
11670#1
11671#1
11672#1
11673#1
11674#1
11675
11676#1
11678#1
11679#1
1168
11680#1
11681
11682#1
11683#1
11684
11687#1
11688#1
11689#1
1169
11690#1
11691
11692#1
11693
11695#1
11696#1
11697#1
11698#1
11699
117
11700
11701#1
11702#1
11705#1
11706#1
11707#1
11708#1
11709#1
1171
11710#1
11711#1
11712#1
11713#1
11714
11715#1
11716#1
11717#1
11718#1
11719#1
1172
11720#1
11721#1
11722#1
11723#1
11724
11725#1
11726#1
11727#1
11728#1
11729
1173
11730#1
11731#1
11732
11733
11734
11736#1
11737#1
11738#1
11739#1
1174
11740#1
11741#1
11742#1
11743#1
11744#1
11745#1
11746#1
11748#1
11749#1
1175
11750#1
11751#1
11752#1
11753#1
11754#1
11755#1
11756#1
11757#1
11758#1
11759#1
1176
11760#1
11761#1
11762#1
11763#1
11764#1
11765#1
11766#1
11767#1
11768#1
11769#1
1177
11771#1
11772#1
11773#1
11774#1
11775#1
11776#1
11777#1
11778#1
11779#1
1178
11780#1
11781#1
11782#1
11783#1
11784#1
11785#1
11788#1
11789#1
1179
11790#1
11791#1
11792#1
11793#1
11794#1
11795#1
11796#1
11797#1
118
1180
11800#1
11801#1
11802#1
11803#1
11804#1
11805#1
11806#1
11807#1
11808#1
11809#1
1181
11810#1
11811#1
11812#1
11813#1
11814#1
11815#1
11816#1
11817#1
11818#1
11819#1
1182
11821#1
11822#1
11823#1
11827#1
11828#1
11829#1
1183
11831#1
11832#1
11833#1
11835#1
11836#1
11837#1
11838#1
11839#1
11840#1
11841#1
11843#1
11844#1
11845#1
11846#1
11847
11848#1
1185
11850#1
11851#1
11852#1
11853#1
11854#1
11855#1
11856#1
11857#1
11858#1
11859#1
1186
11860#1
11861#1
11862#1
11863#1
11865
11867#1
11868#1
11869#1
1187
11870#1
11873#1
11874#1
11875#1
11876#1
11877#1
11878#1
11879#1
1188
11880#1
11881#1
11882#1
11883#1
11884#1
11885#1
11886#1
11887#1
11888#1
11889#1
1189
11892#1
11893#1
11894#1
11895#1
11896#1
11897
11898#1
11899#1
119
1190
11903#1
11904#1
11905#1
11906#1
11907#1
11908#1
11909#1
1191
11911#1
11912#1
11914#1
11915#1
11916#1
11917#1
11918#1
11919#1
1192
11921
11922#1
11923
11924#1
11925#1
11926
11927#1
11928#1
11929#1
1193
11930#1
11931#1
11934#1
11935#1
11936#1
11937#1
11938#1
11939#1
1194
11940#1
11941#1
11942#1
11944#1
11945#1
11946#1
11947#1
1195
11950#1
11952#1
11953#1
11954#1
11955#1
11956#1
11957#1
11958#1
11959#1
1196
11960#1
11961#1
11962#1
11963#1
11964#1
11965#1
11968#1
1197
11970#1
11974
11976#1
11977#1
11979#1
11980#1
11981#1
11982#1
11983#1
11984#1
11985#1
11986#1
11987#1
11988#1
11989#1
1199
11990#1
11991#1
11992#1
11993#1
11994#1
11995#1
11996#1
11997#1
11998#1
11999#1
12
1200
12000#1
12001#1
12002#1
12003#1
12004#1
12005#1
12006#1
12007#1
12008#1
12009#1
1201
12010#1
12011#1
12012#1
12013#1
12014#1
12015#1
12016#1
12017#1
12018#1
12019#1
12020#1
12021#1
12022#1
12023#1
12024#1
12025#1
12026#1
12027#1
12028#1
12029#1
12030#1
12031#1
12032#1
12033#1
12034#1
12035#1
12037#1
12038#1
12039#1
1204
12040#1
12041#1
12042#1
12044#1
12045#1
12046#1
12047#1
12048#1
12049#1
1205
12050#1
12051#1
12052#1
12053#1
12054#1
12055#1
12058#1
12059#1
1206
12060#1
12061#1
12064#1
12065#1
12066#1
12067#1
12068#1
12069#1
1207
12070#1
12071#1
12072#1
12073#1
12074#1
12075#1
12076#1
12077#1
12078#1
12079#1
1208
12080#1
12081#1
12082#1
12083#1
12084#1
12085#1
12086#1
12087#1
12088#1
12089#1
1209
12090#1
12091#1
12092#1
12093#1
12094#1
12095#1
12096#1
12099#1
1210
12100#1
12101#1
12102#1
12103#1
12104#1
12105#1
12106#1
12108#1
12109#1
1211
12110#1
12111#1
12112#1
12113#1
12114#1
12116#1
12117#1
12118#1
12119#1
1212
12120#1
12121#1
12122#1
12123#1
12125#1
12126#1
12127#1
12128#1
12129#1
1213
12130#1
12131#1
12132#1
12133#1
12134#1
12135#1
12136#1
12137#1
12138#1
12139#1
1214
12140#1
12141#1
12142#1
12143#1
12144#1
12145#1
12146#1
12148#1
12149#1
1215
12151#1
12152#1
12154#1
12155#1
12156#1
12157#1
12158#1
12159#1
1216
12160#1
12162#1
12164#1
12166#1
12167#1
12168#1
12169#1
1217
12170#1
12171#1
12172#1
12173#1
12175#1
12176#1
12178#1
12179#1
1218
12180#1
12181#1
12183#1
12184#1
12185#1
12187#1
12188#1
1219
12190#1
12191#1
12192#1
12193#1
12194#1
12195#1
12196#1
12197#1
12198#1
12199#1
122
12200#1
12201#1
12202#1
12203#1
12205
12206#1
12207
12208#1
12209#1
1221
12211#1
12212#1
12213#1
12214#1
12215#1
12217#1
12218#1
12219#1
1222
12220#1
12221#1
12222#1
12223#1
12225#1
12226#1
12228#1
1223
12230#1
12232#1
12235#1
12236
12237
12238
12239
12240
12241#1
12242
12243#1
12244
12245#1
12246#1
12247#1
12248#1
12249#1
1225
12250#1
12251#1
12252#1
12253#1
12254#1
12255#1
12256#1
12257#1
12258#1
12259#1
1226
12260#1
12261#1
12263#1
12264#1
12266#1
12267#1
12268#1
12269#1
1227
12270#1
12271#1
12272#1
12274#1
12275#1
12276#1
12277#1
12278#1
12279#1
1228
12280#1
12281
12284#1
12286#1
12289#1
1229
12290#1
12291#1
12293#1
12294#1
12295#1
12296#1
12297#1
12299#1
123
1230
12300#1
12301#1
12302#1
12303#1
12304
12306#1
12307#1
12308
12309#1
1231
12310#1
12312#1
12313#1
12314#1
12316#1
12317#1
12318#1
12319#1
1232
12320#1
12321#1
12323#1
12324#1
12325#1
12326#1
12327#1
12328#1
12329#1
1233
12330#1
12331#1
12332#1
12333#1
12335#1
12337#1
12338#1
12339#1
1234
12340#1
12341#1
12342#1
12343#1
12345#1
12346#1
12347#1
12348#1
12349#1
1235
12350#1
12351#1
12352#1
12353#1
12354#1
12355#1
12356#1
12357#1
1236
12360#1
12361#1
12362#1
12363#1
12364#1
12365#1
12366#1
12367#1
12368#1
12369#1
1237
12370#1
12371#1
12372#1
12373#1
12374#1
12375#1
12376#1
12377#1
12378
12379#1
1238
12380#1
12381#1
12382#1
12383#1
12384#1
12385#1
12386#1
12387#1
12388#1
12389#1
1239
12390#1
12391#1
12392#1
12393#1
12394#1
12395#1
12396#1
12397#1
12398#1
12399#1
1240
12400#1
12403#1
12404#1
12407
12408#1
12409#1
1241
12410
12411
12412#1
12413#1
12414#1
12415#1
12417#1
12418#1
12419#1
1242
12420#1
12421#1
12422#1
12423#1
12424#1
12425#1
12426#1
12427#1
12428#1
12429#1
1243
12430#1
12431#1
12432#1
12433#1
12435#1
12436#1
12437#1
12438#1
12444#1
12445#1
12446#1
12447#1
12449#1
1245
12450#1
12451#1
12452#1
12453#1
12454#1
12455#1
12457#1
12458#1
12459#1
1246
12460#1
12462#1
12463#1
12465#1
12466#1
12468#1
1247
12470#1
12471#1
12474#1
12475#1
12476#1
12478#1
1248
12480#1
12481#1
12482
12484#1
12485#1
12486#1
12487#1
12488#1
12489#1
1249
12490#1
12492#1
12493#1
12494#1
12496#1
12497#1
12499#1
1250
12500#1
12501#1
12502#1
12503#1
12504#1
12507#1
12508#1
12509#1
1251
12510#1
12512#1
12513
12514#1
12515#1
12516#1
12517#1
12518#1
12519#1
1252
12520
12521#1
12522#1
12523#1
12524#1
12525#1
12526#1
12528
1253
12530#1
12532#1
12535#1
12536#1
12538#1
1254
12541#1
12542#1
12543#1
12545#1
12548#1
1255
12554#1
12555#1
12557#1
12558#1
12559#1
1256
12560#1
12561#1
12562#1
12566#1
12567#1
1257
12570#1
12572#1
12576#1
12578#1
1258
12581#1
12584#1
12586#1
12587#1
12589#1
1259
12590#1
12601#1
12602#1
12603#1
12604#1
12605#1
12606#1
12609#1
1261
12610#1
12611#1
12612#1
12613
12615#1
12616#1
12617#1
12618#1
12619
1262
12623#1
12624#1
12625#1
12626#1
12627#1
12628#1
12629#1
1263
12630#1
12631#1
12632#1
12633#1
12636#1
12637#1
12638#1
12639#1
1264
12640#1
12641#1
12642#1
12643#1
12644#1
12645#1
12646#1
12647#1
12648#1
12649#1
1265
12650#1
12651#1
12652#1
12654#1
12656#1
12657#1
12658#1
12659#1
1266
12661#1
12662#1
12663#1
12664#1
12665#1
12666#1
12667#1
12668#1
12669#1
1267
12670#1
12671#1
12672#1
12673#1
12674
12675#1
12676#1
12677#1
12678#1
12679#1
12680#1
12681#1
12682#1
12683#1
12685#1
12686#1
12687#1
12689#1
1269
12691#1
12692#1
12694#1
12695#1
12696#1
12697#1
12698#1
127
1270
12700#1
12701#1
12702#1
12703#1
12705#1
12707#1
12708#1
12709#1
1271
12710#1
12711#1
12712#1
12713
12715#1
12716#1
12717#1
12718#1
12719#1
1272
12720#1
12721#1
12722#1
12723#1
12724#1
12725#1
12726#1
12727#1
12728#1
12729#1
1273
12730#1
12732
12733#1
12734
12735#1
12736#1
12737
12739
1274
12740#1
12741#1
12742
12743
12744#1
12745#1
12746#1
12748#1
12749#1
1275
12750
12753#1
12754#1
12756#1
12757#1
12758#1
12759
1276
12760#1
12761#1
12763#1
12764#1
12765
12766
12767#1
12768
12769#1
1277
12770
12771#1
12772
12773
12774#1
12777#1
12778#1
12779
1278
12780#1
12781#1
12782#1
12783#1
12784#1
12785#1
12786
12787
12789#1
1279
12790#1
12791#1
12792#1
12793#1
12794#1
12795#1
12796#1
12797#1
12798#1
128
1280
12801
12803#1
12804#1
12805#1
12807#1
12808#1
12809#1
1281
12810#1
12811#1
12812#1
12813#1
12814#1
12815#1
12816#1
12817#1
12818#1
12819#1
1282
12823#1
12825#1
12826#1
12827#1
12829#1
1283
12831#1
12832#1
12833#1
12834#1
12835#1
12836#1
12837#1
12838
12839#1
1284
12841#1
12843#1
12844#1
12845#1
12846#1
12847#1
12849#1
1285
12850#1
12851#1
12852#1
12853#1
12854#1
12855#1
12856#1
12858#1
12859#1
1286
12860#1
12861#1
12862#1
12863#1
12864#1
12867#1
12868#1
12869#1
1287
12872#1
12873#1
12874#1
12875#1
12876#1
12877#1
12878#1
12879#1
1288
12880#1
12882#1
12883#1
12884#1
12885#1
12886#1
12887#1
12889#1
1289
12890#1
12891#1
12893061
12894#1
12895#1
12897#1
12898#1
12899#1
129
1290
12900#1
12901#1
12902#1
12903#1
12905#1
12906#1
12907#1
12908#1
12909#1
1291
12910#1
12911#1
12912#1
12914#1
12915#1
12916#1
12917#1
12918#1
12919#1
1292
12920#1
12921#1
12922#1
12924#1
12925#1
12926#1
12927#1
12928#1
12929#1
1293
12930#1
12931#1
12932#1
12933#1
12934#1
12935#1
12936#1
12937#1
12938#1
12939#1
1294
12940#1
12941#1
12942#1
12943#1
12944#1
12945#1
12946#1
12947#1
12948#1
12949#1
1295
12950#1
12951#1
12952#1
12953#1
12954#1
12955#1
12957#1
12958#1
12959#1
1296
12960#1
12961#1
12962#1
12964#1
12966#1
12967#1
12968#1
1297
12970
12971#1
12972#1
12973#1
12974#1
12975#1
12976#1
12977#1
12978#1
1298
12984#1
12985#1
12986#1
12988#1
12989#1
1299
12990#1
12991#1
12992#1
12993#1
12994#1
12995#1
12996#1
12998#1
12999#1
13
130
1300
13000#1
13001#1
13002#1
13005#1
13008#1
1301
13013#1
13014#1
13017#1
13018#1
13019#1
13020#1
13021
13022#1
13023#1
13024
13025#1
13026#1
13027#1
13028#1
13029#1
1303
13030#1
1303006
13031#1
13032#1
13033#1
13034#1
13035#1
13036#1
13037#1
13038#1
13039#1
1304
13041#1
13042#1
13043
13045#1
13046#1
13047
13048
13049#1
1305
13050#1
13051#1
13052#1
13056#1
13059#1
1306
13062#1
13064#1
13065#1
13066#1
13067#1
13068#1
1307
13070#1
13071#1
13072#1
13073#1
13074#1
13075#1
13076#1
13077#1
13079#1
1308
13080#1
13081#1
13082#1
13083
13084#1
13085#1
13086#1
13087#1
13088#1
13089#1
1309
13090#1
13091#1
13092#1
13093#1
13094#1
13095#1
13097#1
13098#1
13099#1
131
1310
13100#1
13101#1
13103#1
13105
13106#1
13107#1
13108#1
13109#1
1311
13111#1
13112#1
13114#1
13115#1
13116#1
13117#1
13118#1
13119#1
1312
13120#1
13121#1
13122#1
13123#1
13125#1
13126#1
13127#1
13128#1
1313
13130#1
13131#1
13133#1
13135#1
13136#1
13137#1
13138#1
13139#1
1314
13140#1
13143#1
13144#1
13145#1
13146#1
13147#1
13148#1
13149
1315
13150
13151
13152#1
13153#1
13154#1
13155#1
13156#1
13157#1
13158#1
13159#1
1316
13161#1
13162#1
13164#1
13165#1
13166#1
13167
13168#1
13169#1
1317
13170#1
13171#1
13172#1
13173#1
13174#1
13175#1
13176#1
13177#1
13178#1
13179#1
1318
13180#1
13182#1
13183#1
13185#1
13187#1
13188#1
13189#1
1319
13193#1
13194#1
13195#1
13196
13197#1
13198#1
13199#1
132
1320
13200#1
13203#1
13205#1
13206#1
13207#1
13209#1
1321
13210#1
13211#1
13212#1
13213#1
13214#1
13215#1
13216#1
13217#1
13218#1
13219#1
1322
13220#1
13221#1
13223#1
13224#1
13225#1
13226#1
13227#1
13228#1
1323
13230#1
13232#1
13233#1
13234#1
13235#1
13236#1
13238#1
13239#1
1324
13240#1
13242#1
13243#1
13244#1
13246#1
13247#1
13248#1
13249#1
1325
13250#1
13251#1
13252#1
13253#1
13254
13255#1
13256#1
13257#1
13258#1
13259#1
1326
13260#1
13261#1
13262#1
13264#1
13265#1
13266#1
13267#1
13268#1
13269#1
1327
13270#1
13271#1
13272#1
13273#1
13274#1
13275#1
13277
13279
1328
13280
13281#1
13282#1
13283#1
13284#1
13285#1
13286#1
13288#1
1329
13290
13291#1
13292#1
13294#1
13295#1
13296#1
13297#1
13299#1
1330
13300#1
13301#1
13302#1
13303#1
13304#1
13305#1
13308#1
13309#1
1331
13310#1
13311#1
13313#1
13316#1
13317#1
13318#1
13319#1
1332
13320#1
13321#1
13322#1
13324#1
13325#1
13326#1
13327#1
13328#1
13329#1
1333
13330#1
13332#1
13333#1
13334#1
13335#1
13336#1
13337#1
13338#1
13339#1
1334
13340#1
13341#1
13342#1
13344#1
13345
13346#1
13347#1
13348#1
13349#1
1335
13350
13351#1
13352
13353#1
13354#1
13355#1
13356#1
13357#1
13358#1
13359#1
1336
13360#1
13361#1
13362#1
13363#1
13364#1
13365#1
13366#1
13367#1
13368#1
13369#1
1337
13370#1
13372#1
13373#1
13374#1
13377#1
13379#1
1338
13380
13382#1
13383#1
13384#1
13385#1
13386#1
13387#1
13388#1
13389#1
1339
13391#1
13392
13393#1
13394#1
13395#1
13396#1
13397#1
13398#1
13399#1
134
1340
13400#1
13402#1
13404#1
13405#1
13406#1
13408#1
13409#1
1341
13411#1
13412#1
13415#1
13416#1
13417#1
13418#1
13419#1
1342
13421#1
13422#1
13423#1
13424#1
13426#1
13428#1
13429#1
1343
13430#1
13431#1
13432#1
13433#1
13434#1
13435#1
13436#1
13437#1
13439#1
1344
13440#1
13441#1
13442#1
13443#1
13444#1
13445#1
13446#1
13447
13448#1
13449#1
1345
13454#1
13455#1
13456
13459#1
1346
13460#1
13461#1
13462
13463#1
13464#1
13468#1
1347
13470#1
13471#1
13473
13474
13475#1
13476
13477
13478#1
13479#1
1348
13480
13481#1
13482#1
13483#1
13484
13485#1
13486#1
13487
13488#1
13489#1
1349
13490#1
13491#1
13492#1
13494#1
13495#1
13496#1
13498#1
13499#1
135
1350
13500#1
13503#1
13504#1
13506#1
13508#1
13509#1
1351
13510#1
13511#1
13512#1
13513#1
13515#1
13517#1
13519#1
1352
13520#1
13521#1
13522#1
13523#1
13525#1
13526#1
13527#1
13528#1
13529
1353
13530
13531
13532
13535#1
13536
13537
13538
13539
1354
13540
13541
13542
13543
13544
13545
13546
13547
13548#1
13549
1355
13551
13552
13553
13554#1
13555#1
13557#1
1356
13560
13561
13563
13564
13565
13566
13569
1357
13570
13571
13572
13573
13575
13576
13577
13578
13579
1358
13581
13582
13584
13585
13586
13587
13588
13589
1359
13590
13592
13593
13594
13595
13597
13598
13599
1360
13600
13602
13603
13604
13605
13606
13608
13609#1
1361
13611#1
13612#1
13614#1
13616#1
13617#1
13618#1
1362
13620#1
13621#1
13622#1
13624#1
13625#1
13626#1
13627#1
13629
1363
13630#1
13632#1
13633#1
13634
13635#1
13636#1
13637#1
13638#1
13639#1
1364
13641#1
13642#1
13643#1
13644#1
13647#1
13648#1
13649#1
1365
13650#1
13653
13654#1
13655#1
13656#1
13657#1
13658#1
13659#1
1366
13660#1
13661#1
13662#1
13663#1
13665#1
13666#1
13668#1
13669#1
1367
13670#1
13671#1
13673#1
13674
13675
13676
13678
13679
1368
13681
13682
13687
13688
13689
1369
13690
13691
13692
13693
13694
13695
13696
13698
13699
1370
13700
13702
13703
13704
13705
13706
13709
1371
13710
13711
13712
13713
13714
13715
13716
13717
13718
13719
1372
13720
13721
13722
13723
13724
13725
13726
13727
13728
13729
13731
13732
13733
13734
13735
13736
13737
13738
13739
1374
13740
13741
13742
13744
13745
13746
13747
13748
13749
1375
13752
13753
13754#1
13755
13756
13758
13759#1
1376
13760
13761#1
13763#1
13764#1
13765#1
13766#1
13767#1
13768#1
13769#1
1377
13770#1
13771#1
13772#1
13773#1
13774#1
13775#1
13777#1
13778#1
13779#1
1378
13780#1
13781#1
13782#1
13783#1
13785#1
13786#1
13787
13789#1
1379
13791#1
13792#1
13793
13794#1
13795
13796
13797#1
13798#1
13799#1
138
1380
13800#1
13803#1
13804#1
13805#1
13806#1
13807#1
13808#1
13809#1
1381
13810#1
13811#1
13812#1
13813#1
13815#1
13816#1
13817#1
13818#1
13819#1
1382
13820#1
13821#1
13822#1
13823#1
13824#1
13826#1
13829#1
1383
13830#1
13831#1
13832#1
13834#1
13835#1
13836#1
13838#1
13839#1
1384
13840#1
13841
13842#1
13845#1
13846#1
13848#1
1385
13850
13851
13853#1
13854#1
13856#1
13857#1
13859#1
1386
13860#1
13861#1
13862#1
13863#1
13864#1
13866#1
13867#1
13868#1
13869#1
1387
13871#1
13873#1
13874#1
13875#1
13876#1
13879#1
1388
13880#1
13882#1
13884#1
13885#1
13886#1
13887#1
13888#1
1389
13892#1
13893#1
13895#1
13896#1
13897#1
13899#1
1390
13900#1
13904#1
13907#1
13909#1
1391
13910
13911#1
13913
13914#1
13915#1
13916
13917#1
13918#1
1392
13920#1
13921#1
13922#1
13923#1
13924#1
13925#1
13927#1
13928#1
13929#1
1393
13930#1
13931#1
13933#1
13936#1
13937#1
13939#1
1394
13940#1
13943#1
13944#1
13945#1
13946#1
13947#1
13949#1
1395
13951#1
13952#1
13953#1
13956#1
13957#1
13958#1
13959#1
13960#1
13961#1
13962#1
13963#1
13964#1
13965#1
13966#1
13967#1
1397
13970#1
13971#1
13972#1
13973#1
13974#1
13975#1
13976#1
13977#1
13978#1
13979#1
1398
13980#1
13981#1
13982#1
13983#1
13984#1
13985#1
13987#1
1399
13990#1
13991#1
13992#1
13993#1
13995#1
13996#1
13998#1
14
140
1400
14001#1
14002#1
14003#1
14005#1
14006#1
14007#1
14008#1
14009#1
1401
14010#1
14011#1
14013#1
14014#1
14016#1
14017#1
14018#1
14019#1
1402
14020#1
14021#1
14022#1
14023#1
14025#1
14026#1
14027#1
14028#1
14029#1
1403
14030#1
14031#1
14032#1
14033#1
14034#1
14035#1
14038#1
14039#1
1404
14040#1
14043#1
14045#1
14049#1
1405
14050#1
14051#1
14053#1
14055#1
14056#1
14057#1
14058#1
14059#1
1406
14062#1
14066#1
14067#1
14068#1
14069#1
1407
14071#1
14075#1
14078#1
14080#1
14081#1
14086#1
14088#1
1409
14092#1
14093#1
14095#1
14097#1
14098#1
141
1410
14100#1
14101#1
14102#1
14103#1
14104#1
14106#1
14107#1
14108#1
14109#1
1411
14110#1
14111#1
14112#1
14113#1
14114#1
14116#1
14117#1
14118#1
1412
14120#1
14121#1
14122#1
14123#1
14126#1
14127#1
14128#1
14129#1
1413
14130#1
14132#1
14134#1
14135#1
14136#1
14137#1
1414
14140#1
14141#1
14143#1
14144#1
14145#1
14146#1
14147#1
14149#1
1415
14150#1
14151
14152#1
14153#1
14155#1
14156#1
14157#1
14159#1
1416
14160#1
14161#1
14162#1
14163#1
14164#1
14165#1
14166#1
14167#1
14169#1
1417
14170#1
14171#1
14172#1
14173#1
14175#1
14176#1
14178#1
14179#1
14181
14183
14184#1
14185#1
14186#1
14187#1
1419
14190#1
14191#1
14192
14193#1
14195#1
14196#1
14197#1
14198#1
1420
14200#1
14201#1
14202#1
14204#1
14205#1
14206
14207#1
14208#1
14209#1
1421
14210#1
14211#1
14213#1
14215#1
14216#1
14217#1
14219#1
1422
14221#1
14222#1
14223#1
14224#1
14225#1
14227#1
14228#1
14229#1
1423
14231#1
14233#1
14235#1
14236#1
14239#1
1424
14240#1
14241#1
14242#1
14245#1
14246#1
14247#1
14248#1
14249#1
1425
14251#1
14252#1
14254#1
14255#1
14257#1
14258#1
14259#1
1426
14260#1
14261#1
14262#1
14263#1
14264#1
14265#1
14266#1
14267#1
14268#1
14269#1
1427
14270#1
14271#1
14272#1
14273#1
14275#1
14276#1
14277#1
14278#1
14279#1
1428
14280#1
14281#1
14282#1
14283#1
14284#1
14285#1
14286#1
14287#1
14288#1
14289#1
1429
14290#1
14291#1
14292#1
14293#1
14294#1
14295#1
14296#1
14297#1
14298#1
1430
14300
14301#1
14302#1
14303#1
14304#1
14305#1
14306#1
14307#1
14308#1
14309#1
1431
14310
14311#1
14312#1
14313
14314#1
14315#1
14316
14317#1
14318
14319#1
1432
14321#1
14322#1
14324#1
14325#1
14326#1
14327#1
14328#1
1433
14331#1
14334#1
14336#1
14337#1
14339#1
1434
14340#1
14341#1
14342#1
14343#1
14347#1
1435
14350#1
14353#1
14354#1
14358#1
14359#1
1436
14360#1
14361#1
14362
14363#1
14364#1
14365#1
14366#1
14367#1
14368#1
1437
14370#1
14371#1
14373#1
14374#1
14375#1
14376#1
14377#1
14379#1
1438
14380#1
14381#1
14382#1
14383#1
14384#1
14385#1
14386#1
14387#1
14389#1
1439
14390#1
14391#1
14393#1
14398#1
14399
144
1440
14402#1
14407#1
14408#1
14409#1
1441
14410#1
14411#1
14413#1
14415#1
14418#1
1442
14420#1
14422#1
14423#1
14424#1
14427#1
14429
1443
14431#1
14433#1
14434#1
14436#1
14438#1
14439#1
1444
14440#1
14441#1
14443#1
14444#1
14448#1
14449
1445
14451#1
14452#1
14453#1
14454#1
14456#1
14458#1
14459#1
1446
14461#1
14463#1
14464#1
1447
14470#1
14471#1
14472#1
14473#1
14474#1
14476#1
14477#1
14478#1
14479#1
1448
14480#1
14481#1
14483#1
14484#1
14485#1
14486#1
14487#1
14488#1
14489#1
1449#1
14491#1
14492#1
14494#1
14495#1
14496#1
14497#1
14498#1
14499
145
1450
14500#1
14502#1
14503#1
14504#1
14505#1
14506#1
14507#1
14508#1
14509#1
1451
14510#1
14513#1
14514
14515#1
14516#1
14517#1
14518#1
14519#1
1452
14521#1
14522#1
14523#1
14524#1
14525#1
14526#1
14527#1
14528#1
14529#1
1453
14530#1
14531#1
14533#1
14535#1
14537#1
14538#1
14539
1454
14540#1
14542#1
14543#1
14544#1
14546#1
14547#1
14548#1
14549#1
1455
14550#1
14552#1
14553#1
14554#1
14555#1
14556#1
14557#1
14558#1
14559#1
1456
14561#1
14562#1
14563#1
14564#1
14565#1
14566#1
14567#1
14568#1
14569#1
1457
14570#1
14571#1
14572#1
14573#1
14574#1
14575#1
14576#1
14577#1
14578#1
14579#1
1458
14580#1
14581#1
14582#1
14583#1
14584#1
14585#1
14586#1
14587#1
14588#1
14589#1
1459
14590#1
14591#1
14592#1
14593#1
14594#1
14595#1
14596#1
14597#1
14599#1
146
1460
14600#1
14601#1
14602#1
14603#1
14604#1
14605
14606#1
14607
14608#1
14609#1
1461
14611#1
14612
14613#1
14614
14615#1
14616#2
14617
14618#1
14619#1
1462
14620#1
14622#1
14623#1
14624#1
14625#1
14626#1
14627#1
14629#1
1463
14630#1
14632#1
14633#1
14635#1
14636#1
14638#1
14639#1
1464
14641#1
14642#1
14643#1
14644#1
14645#1
14646#1
14647#1
14648#1
14649#1
1465
14651#1
14652#1
14653#1
14654#1
14655#1
14657#1
14658#1
14659#1
1466
14660#1
14662#1
14663#1
14664#1
14665#1
14666#1
14667#1
14669#1
1467
14670#1
14671#1
14673#1
14674#1
14675#1
14677#1
14678#1
14679#1
1468
14682#1
14683#1
14684#1
14685#1
14686#1
14687#1
14689#1
1469
14690#1
14691#1
14692#1
14694#1
14695#1
14696#1
14697#1
14698#1
147
14700#1
14701
14702#1
14704#1
14705#1
14706#1
14707#1
14708#1
14709#1
1471
14710#1
14711#1
14712#1
14713#1
14714#1
14715#1
14716#1
14717#1
14719#1
1472
14720#1
14721
14722#1
14724#1
14725#1
14726#1
14727#1
14728#1
1473
14730#1
14731#1
14732#1
14733#1
14734#1
14736#1
14737#1
14738#1
14739#1
1474
14740#1
14741#1
14742#1
14743#1
14744#1
14745#1
14746#1
14747#1
14748#1
14749
1475
14750#1
14751#1
14752#1
14753#1
14754#1
14755#1
14756#1
14757#1
14758#1
14759#1
1476
14760#1
14761#1
14763#1
14764#1
14765#1
14769#1
1477
14770#1
14771#1
14772#1
14775#1
14777#1
14779#1
1478
14780#1
14781#1
14783#1
14785#1
14786#1
14787#1
14788#1
1479
14790#1
14792#1
14793#1
14795#1
14796#1
14797#1
148
1480
14800#1
14802#1
14805#1
14806#1
14807#1
14808#1
14809#1
1481
14810#1
14811#1
14812#1
14813#1
14814#1
14815
14816#1
14818#1
14819#1
1482
14822#1
14823#1
14825#1
14828#1
14829#1
1483
14831#1
14833#1
14835#1
14836#1
14837#1
14838#1
1484
14841#1
14842#1
14843#1
14846#1
14847#1
14848#1
14849#1
1485
14850#1
14851#1
14852#1
14853#1
14854#1
14855#1
14856#1
14857#1
14859#1
1486
14860#1
14861#1
14862#1
14863#1
14865#1
14868#1
14869#1
14872#1
14873#1
14874#1
14875#1
14877#1
14878#1
14879#1
1488
14880#1
14881#1
14882#1
14883#1
14884#1
14886#1
14888#1
14889#1
1489
14890#1
14891#1
14892#1
14894#1
14895#1
14896#1
14897#1
14898#1
149
1490
14900#1
14901#1
14902#1
14904#1
14908#1
14910#1
14912#1
14916#1
14917#1
1492
14920#1
14922#1
14924#1
14925#1
14929#1
1493
14932#1
14933#1
1494
14941#1
1495
14950#1
14951#1
14952#1
14953#1
14959#1
1496
14960#1
14962#1
14966#1
1497
14970#1
14974#1
14975#1
14977#1
1498
14980#1
14983#1
14984#1
14986#1
14987#1
14988#1
14989#1
1499
14990#1
14991
14992#1
14994#1
14995#1
14996#1
14997#1
14998#1
14999#1
15
1500
15000#1
15001#1
15002#1
15003#1
15005#1
15006#1
15007#1
1501
15012#1
15015#1
15016#1
15017#1
15018#1
1502
15022#1
15023#1
15025#1
15026#1
15029#1
1503
15033#1
15034#1
15038#1
15039#1
1504
15040#1
15045#1
15047#1
15049#1
1505
15052#1
15054#1
15055#1
15056#1
15058#1
15059#1
1506
15062#1
15066#1
15067
15069#1
1507
15071#1
15073#1
15074#1
15075#1
15077#1
15079#1
1508
15080#1
15081#1
15083#1
15084#1
15086#1
1509
15090#1
15092#1
15093
15094#1
15095#1
15096#1
15098#1
15099#1
151
1510
15101#1
15102#1
15104#1
15105#1
15106#1
15107#1
15108#1
1511
15110#1
15113#1
15114#1
15115#1
15116#1
15117#1
15118#1
1512
15120#1
15121#1
15125#1
15129#1
1513
15130#1
15133#1
15134#1
