53932
53933
53934
53935
53937
53938
53939
5394
53940
53941
53942
53943
53944
53945
53946
53947
53949
5395
53950
53951
53952
53953
53955
53956
53957
53959
53960
53962
53963
53964
53965
53967
53968
53969
5397
53972
53973
53974
53975
53977
53978
53979
5398
53980
53982
53983
53984
53985
53986
53987
53988
53989
53994
53997
53998
53999
54
540
54000
54002
54003
54004
54006
54007
54008
54009
54010
54011
54012
54014
54017
54018
54019
5402
54020
54022
54023
54024
54025
54026
54028
54029
54030
54031
54032
54033
54034
54035
54036
54037
54040
54041
54042
54044
54045
54046
54048
54049
5405
54050
54051
54053
54054
54055
54056
54057
54058
54059
5406
54060
54061
54062
54063
54064
54065
54067
5407
54070
54071
54072
54073
54074
54075
54076
54078
54079
5408
54080
54081
54089
5409
54092
54097
54098
54099
541
5410
54101
54102
54103
54104
54105
54106
54107
54108
54109
5411
54112
54113
54115
5412
54120
54121
54125
54126
54127
54129
5413
54131
54132
54135
54138
54139
5414
54141
54144
54145
54147
54149
5415
54150
54151
54152
54155
54156
54157
54158
5416
54161
54162
54163
54164
54165
54166
54167
54169
5417
54170
54171
54172
54173
54176
54177
54179
5418
54181
54182
54184
54185
54186
54187
54188
54189
54190
54192
54193
54194
54197
54198
54199
542
54200
54201
54202
54203
54204
54205
54206
54207
54208
54209
5421
54210
54211
54212
54213
54214
54216
54218
54219
5422
54221
54222
54223
54224
54225
54226
54228
5423
54230
54231
54232
54233
54234
54235
54236
54237
54238
54239
5424
54240
54241
54242
54243
54244
54245
54247
54248
54249
54250
54251
54252
54253
54254
54255
54256
54257
54258
54259
5426
54260
54261
54262
54263
54264
54265
54267
54268
54269
54270
54271
54272
54273
54275
54276
54277
54278
54279
5428
54280
54282
54283
54285
54286
54287
54288
54289
54291
54292
54293
54295
54296
54297
54298
54299
543
5430
54300
54303
54304
54307
54308
54309
5431
54310
54311
54312
54313
54314
54315
54316
54317
54318
54319
5432
54320
54321
54323
54324
54325
54326
54327
54329
5433
54330
54331
54332
54334
54335
54336
5434
54341
54342
54343
54346
54347
54348
54349
5435
54352
54353
54354
54355
54356
54358
54359
5436
54360
54361
54362
54364
54365
54366
54367
54368
5437
54370
54371
54372
54373
54377
54378
54379
5438
54380
54383
54384
54385
54389
5439
54390
54391
54395
54396
54398
544
5440
54401
54404
54406
54407
54408
54409
5441
54412
54413
54414
54415
54416
54417
54418
54419
5442
54421
54422
54424
54426
54427
54428
54429
5443
54432
54433
54434
54437
54438
54441
54448
5445
54450
54451
54453
54454
54455
54458
5446
54460
54461
54462
54463
54464
54466
54467
54469
5447
54471
54472
54473
54474
54476
54477
54478
5448
54480
54481
54483
54484
54485
54486
54487
54488
5449
54494
54495
54496
5450
5451
5452
5455
54553
54558
5456
54563
54567
54569
5457
54573
54577
5458
54581
54584
54586
54587
54588
54595
54598
546
5460
54601
54604
54607
54609
54611
54615
54620
54623
54626
5463
54630
54631
54632
54639
5464
54641
54644
54649
5465
54656
54657
54658
54659
5466
54664
54666
5467
54673
54674
54687
5469
54690
54692
54693
54694
54695
54696
54697
54698
54699
547
5470
54705
5471
54713
54729
5473
54730
54733
54734
54736
54739
5474
54740
54744
54747
5475
54752
54753
54755
5476
54761
54762
54765
54767
54768
5477
54770
54771
54779
5478
54781
54783
54789
5479
54792
548
54806
5481
54810
54812
54814
5482
54820
54822
54826
54828
5483
54833
54834
54835
54836
54837
54838
54839
5484
54840
54841
54842
54843
54844
54845
54846
54847
54848
54849
5485
54850
54851
54852
54853
54854
54855
54856
54857
54858
54859
5486
54860
54861
54862
54863
54864
54865
54866
54867
54868
54869
5487
54870
54871
54872
54873
54874
54875
54879
5488
54880
54883
54885
54886
54888
54889
5489
54890
54891
54892
54893
54894
54895
54896
54897
549
5490
5491
54911
54912
54916
54917
54918
5492
54923
54924
54925
54926
54928
5493
54930
54931
54932
54933
54939
5494
54943
5495
54951
54952
54957
5496
54961
54965
54969
5497
54975
54978
54979
5498
54983
54984
54987
54988
54989
5499
54990
54991
54992
54993
54995
54996
54997
54999
55
550
5500
55001
55002
55004
55005
55006
55009
5501
55011
55012
55013
55014
55015
55016
55017
55019
5502
55020
55021
55022
55023
55024
55025
55027
55028
5503
55030
55033
55034
55035
55036
5504
55040
55041
55044
55048
55049
5505
55050
55051
55052
55053
55054
55055
55056
55057
5506
55060
55061
55062
55065
55066
55067
55068
55069
5507
55070
55072
55073
55074
55076
55078
55079
5508
55080
55081
55082
55083
55084
55087
55088
5509
55091
55092
55093
55098
55099
551
5510
55102
55105
55107
55108
5511
55112
55113
55114
5512
55121
55122
55124
55125
55126
55127
55128
55129
5513
55130
55131
55132
55134
55135
55137
55138
55139
5514
55140
55141
55142
55143
55144
55145
55146
55147
55148
55149
5515
55151
55152
55153
55155
55156
55157
55158
55159
5516
55162
55165
55167
55168
55169
5517
55170
55173
55174
55175
55177
55178
5518
55181
55182
55183
55186
55187
55188
55189
5519
55190
55191
55193
55198
55199
552
5520
55201
55202
55203
55205
55206
55207
55208
55209
5521
55211
55213
55214
55219
5522
55221
55222
55223
55224
55225
55226
55227
55228
5523
55230
55231
55232
55233
55234
55235
55236
55237
55238
55239
5524
55241
55243
55244
55245
55248
55249
5525
55250
55252
55253
55254
55255
55258
55259
5526
55260
55261
55264
55265
55266
55268
55269
5527
55270
55271
55273
55274
55275
55278
55279
5528
55280
55282
55283
55286
55287
55288
55289
55291
55294
55295
55296
55299
553
5530
55302
55303
5531
55314
55315
55319
5532
55321
55322
55323
55324
55325
55326
55328
55329
55331
55332
55335
55336
55337
55338
55339
5534
55340
55341
55342
55343
55344
55345
55346
55347
55348
55349
5535
55350
55351
55353
55354
55355
55356
55357
55358
55360
55361
55362
55363
55364
55365
55367
55368
55369
5537
55370
55371
55372
55373
55374
55375
55376
55377
55378
55379
55380
55381
55382
55383
55384
55385
55386
55387
55388
55389
5539
55390
55391
55392
55393
55394
55395
55396
55397
55398
554
5540
55400
55401
55402
55403
55404
55405
55406
55407
55408
5541
55416
55417
5542#1
55428
5543
55438
5544
55442
55443
55446
55447
5545
55451
55452
55453
55455
5546
5547
55470
55472
55473
55479
55480
55481
55485
55486
55488
55491
55492
55494
55495
55496
55497
555
55500
55501
55504
55505
55507
55509
5551
55511
55513
55516
55517
55519
5552
55524
55525
5553
55536
55538
55539
5554
55544
55547
55549
5555
55550
55555
5556
55563
55567
55569
5557
55572
55573
55577
55578
5558
55584
55588
5559
55591
55596
556
5560
55603
55605
5561
55612
55613
55614
5562
55620
55621
55622
55623
55624
55627
5563
55638
5564
55649
5565
55651
55653
55655
55657
55658
55659
5566
55663
55664
55665
55667
55668
5567
55678
55679
5568
55686
55689
5569
55690
55694
55697
55698
557
5570
55700
55704
55707
55708
55709
5571
55712
55713
55714
55717
55718
55719
55720
55722
55723
55724
55725
55726
55727
55728
5573
55731
55734
55735
55736
55737
55738
55739
5574
55740
55741
55742
55743
55745
55746
55748
55749
5575
55754
55756
55757
55758
55759
5576
55760
55761
55762
55763
55764
55765
55766
55767
55768
55769
5577
55770
55771
55772
55773
55774
55775
55776
55777
55778
55779
5578
55780
55781
55782
55783
55784
55785
55786
55787
55788
55789
55790
55791
55792
55793
55794
55795
55796
55797
55798
55799
558
55800
55801
55803
55804
55805
55806
55807
55808
55809
55810
55811
55812
55813
55814
55815
55816
55817
55819
55820
55821
55822
55824
55825
55826
55830
55831
55832
55833
55835
55838
55839
55840
55842
55843
55844
55845
55846
55847
55848
55849
55850
55851
55852
55853
55854
55855
55856
55857
55858
55859
5586
55860
55861
55862
55863
55864
55865
55866
55867
55868
55869
5587
55870
55871
55872
55873
55874
55875
55876
55877
55878
55879
5588
55880
55881
55882
55883
55884
55887
55888
55889
5589
55890
55891
55892
55893
55894
55895
55896
55897
559
5590
55903
55904
55905
55906
5591
55910
55911
55912
55914
55915
55917
55919
5592
55921
55926
55928
55929
5593
55930
55931
55932
55933
55935
55936
55937
55938
55939
5594
55941
55943
55944
55946
55949
5595
55950
55951
55953
55954
55955
55959
5596
55960
55962
55964
55965
55967
55968
5597
55972
55973
55976
55978
55979
5598
55982
55983
55988
5599
55996
55997
55999
56
560
5601
56010
56012
5602
56022
56027
56028
5603
5604
56041
56048
56049
56050
56051
56058
5606
5607
56077
5608
56087
56088
5609
56093
56095
5610
56103
56104
56114
56116
5612
56129
56130
56131
56132
56133
56134
56137
56138
56139
5614
56140
56141
56142
56143
56144
56145
56146
56147
56148
56149
5615
56150
56151
56152
56153
56154
56155
56156
56157
56158
56159
5616
56160
56161
56162
56163
56166
56169
5617
56175
56176
56178
56179
5618
56180
56187
5619
56192
56193
56194
56196
562
5620
56202
56204
56205
56206
56208
5621
56211
56212
56213
56214
56217
56218
56219
5622
56221
56223
56225
56226
56227
56228
56229
5623
56232
56234
56235
56236
56237
56239
5624
56240
56241
56243
56244
56245
56246
56247
56248
56249
5625
56250
56254
56255
56256
56257
56258
56259
5626
56263
56266
56267
56268
56270
56271
56272
56274
5628
56287
5629
56298
563
5630
56302
56303
56304
56306
5631
56310
56312
56313
56314
56315
56318
5632
56322
56323
56327
56328
5633
56333
56334
56337
56345
56348
56349
5635
56350
56351
56354
56355
56356
56357
56359
5636
56362
56363
56364
56365
56366
56367
56368
56369
5637
56370
56371
56372
56373
56374
56375
56376
56377
56378
56379
5638
56380
56381
56384
56385
56386
56387
56388
56389
5639
56392
56393
56394
56395
56396
56399
564
5640
56400
56401
56403
56404
56406
56407
56408
56409
5641
56411
56412
56413
56414
56416
56418
56419
5642
56422
56423
56424
56425
56426
56427
56428
56429
5643
56431
56432
56434
56435
56436
56437
56438
56439
5644
56440
56441
56442
56443
5645
56455
56458
56459
5646
56460
56463
56466
56468
56469
5647
56471
56472
56473
56474
56475
56476
56477
56478
56479
5648
56480
56481
56482
56483
56484
56485
56486
56487
56488
56489
5649
56493
56499
565
5650
56500
56508
5651
56514
56518
5652
56523
56525
56528
5653
56530
5654
56546
5655
56550
56555
56556
5656
56560
56561
56562
56563
56564
56565
56566
56569
5657
56570
56572
56573
56574
56575
56577
56578
56579
5658
56581
56582
5659
56591
56592
56594
566
5660
56600
56601
56602
56603
56604
56605
56606
5661
56610
56611
56613
56614
56615
56616
56617
56618
56619
5662
56629
5663
56630
56631
56632
56633
56634
56638
56639
5664
56640
56642
56643
56644
56646
56648
56649
5665
56650
56651
56652
56653
56654
56657
56659
5666
56660
56661
56663
56664
56665
56666
56667
56668
56669
5667
56671
56672
56673
56675
56677
56678
56679
5668
56684
56685
56686
56687
56688
56689
5669
56691
56692
56693
56695
56696
56697
56698
56699
567
5670
56700
56701
56702
56703
56704
56707
56709
5671
56713
5672
56722
56723
56728
56729
5674
56743
56744
56746
5675
56750
56752
56759
5676
56761
56762
5677
56771
56778
56779
5678
56780
56781
56782
56783
56784
56785
56787
56788
56789
5679
56790
56791
56792
56794
56795
56796
56797
56798
56799
568
5680
56800
56801
56802
56803
56804
56805
56806
56807
56808
56809
5681
56810
56811
56813
56814
56815
56816
56817
56819
5682
56820
56821
56822
56823
56825
56826
56827
56829
5683
56831
56832
56833
56834
56835
56837
56838
56839
5684
56840
56841
56842
56843
56844
56845
56846
56848
5685
56850
56851
56852
56853
56854
56855
56856
56857
56858
56859
5686
56860
56861
56862
56864
56865
56866
56867
56869
5687
56871
56872
56873
56874
56875
56876
56877
56879
5688
56880
56881
56882
56884
56885
56886
56887
56888
56889
5689
56890
56891
56892
56893
56894
56895
56897
56898
56899
569
5690
56900
56901
56902
56903
56904
56905
56906
56907
56908
56909
5691
56910
56911
56912
56913
56914
56918
56919
5692
56921
56922
56923
56924
56925
56926
56927
5693
56932
56933
56934
56935
56936
56938
56939
5694
56940
56941
56942
56943
56944
56945
56946
56947
56948
56949
5695
56951
56952
56953
56955
56956
56959
5696
56966
56967
56968
56969
5697
56970
56971
56972
56973
56974
56975
56976
56977
56978
56979
5698
56980
56981
56982
56983
56984
56985
56986
56987
56988
56989
5699
56990
56991
56992
56993
56994
56995
56996
56998
56999
57
570
5700
57000
57001
57002
57003
57005
57007
57008
5701
57012
57013
57014
57015
57016
57017
57018
5702
57020
57022
57023
57024
57026
57027
57028
57029
5703
57030
57031
57032
57033
57034
57035
57036
57037
57039
5704
57040
57041
57042
57043
57045
57047
57048
5705
57050
57051
57053
57054
57056
57057
57058
57059
5706
57060
57061
57062
57063
57064
57065
57066
57067
57068
57069
5707
57070
57071
57072
57073
57074
57075
57076
57077
57079
5708
57081
57083
57084
57086
57087
57089
5709
57090
57092
57093
57094
57095
57096
57097
57098
57099
571
5710
57100
57101
57102
57104
57105
57106
57107
57108
5711
57110
57111
57112
57113
57114
57115
57116
57117
57118
57119
5712
57120
57121
57122
57123
57124
57125
57126
57128
57129
5713
57130
57131
57132
57134
57135
57136
5714
57140
57142
57148
5715
57150
57151
57156
5716
57161
57166
57169
5717
57170
5718
5719
57193
57196
57197
57198
57199
572
5720
57200
57201
57202
57203
57204
57205
57206
57207
57208
57209
5721
57210
57211
57212
57214
57216
57217
57218
57219
5722
57220
57221
57222
57224
57225
57235
57236
57237
57238
5724
57240
57241
57242
57244
57245
57246
57248
57249
5725
57251
57252
57253
57254
57256
57257
57258
57259
5726
57260
57261
57262
57265
57266
57267
57269
5727
57271
57272
57275
57276
57277
57278
57279
5728
57281
57282
57283
57284
57288
57289
5729
57290
57291
57294
57296
57298
5730
57300
57301
57302
57303
57304
57305
57306
57307
57308
5731
57310
57311
57312
57313
57314
57315
57316
57317
57318
57319
5732
57320
57321
57322
57324
57325
57326
57327
57328
57329
5733
57331
57332
57333
57334
57335
57337
57338
57339
5734
57340
57341
57342
57343
57347
57348
5735
57351
57352
57353
57354
57355
57356
57357
57358
57359
5736
57360
57361
57362
57363
57364
57365
57366
57367
57368
57369
5737
57370
57371
57372
57373
57374
57375
57376
57377
57378
57379
5738
57380
57381
57382
57383
57386
57387
57388
57389
57390
57391
57397
574
57408
57415
57418
57419
57421
57425
57426
57427
57428
57429
57430
57431
57432
57433
57434
57435
57436
57438
57439
57440
57441
57442
57445
57446
57447
57448
5745
57451
57452
57453
57454
57456
57458
57459
5746
57460
57461
57462
57463
57464
57466
57468
57469
5747
57470
57473
57474
57475
57476
57477
57478
57479
5748
57480
57481
57484
57485
57486
57487
57488
5749
57491
57493
57494
57495
57496
57497
57499
575
5750
57500
57501
57502
57503
57504
57505
57506
57507
57508
57509
5751
57511
57512
57515
57518
5752
57520
57521
57522
57523
57525
57527
57529
57531
57533
57535
57536
57537
57538
57540
57541
57542
57543
57544
57545
57546
57547
57548
5755
57550
57551
57552
57553
57555
57557
57558
5756
57560#1
57561
57562
57563
57564
57565
57567
57568
57569
5757
57570
57571
57572
57573
57574
57575
57576
57577
57578
57579
57580
57581
57582
57583
57584
57585
57586
57587
57588
57589
57590
57591
57592
57593
57594
57595
57596
57597
57598
57599
576
5760
57600
57601
57603
57604
57605
57606
57608
57609
5761
57610
57611
57612
57613
57614
57615
57616
57617
57618
57619
57620
57621
57622
57623
57624
57625
57626
57627
57628
57629
57630
57631
57632
57633
57634
57635
57637
57638
57639
5764
57640
57641
57642
57644
57645
57646
57647
57648
57649
57650
57651
57652
57653
57654
57655
57656
57657
57658
57659
5766
57660
57661
57662
57663
57664
57665
57666
57667
57669
5767
57670
57671
57672
57673
57674
57676
57677
57678
57679
5768
57680
57681
57682
57684
57685
57686
57687
57688
57689
5769
57690
57691
57692
57693
57694
57695
57696
57699
577
57701
57702
57703
57704
57707
57708
57709
57710
57711
57712
57714
57717
57724
57732
57733
57735
57742
57744
57749
57755
5777
57772
57773
57776
57783
5779
57793
5781
57813
57817
57818
5782
57827
57828
5783
57830
57836
57839
5784
57843
57845
57849
5785
57852
57853
57855
57857
57858
57859
5786
57860
57861
57862
57863
57864
57865
57866
57867
57868
57869
5787
57872
57873
57874
57875
57876
57877
57878
57879
5788
57880
57881
57882
57883
57884
57885
57886
57887
57888
57889
5789
57890
57891
57892
57893
57894
57896
57897
57898
57899
579
5790
57900
57901
57902
57903
57905
57906
57907
57908
57909
5791
57910
57911
57912
57913
57914
57915
57916
57917
57918
57919
5792
57920
57921
57922
57923
57924
57925
57926
57927
57928
5793
57930
57931
57932
57933
57934
57935
57936
57938
57939
5794
57940
57941
57942
57944
57945
57946
57947
57948
57949
5795
57950
57951
57952
57953
57954
57955
57956
57957
57958
57959
57960
57961
57962
57963
57964
57965
57966
57968
57969
5797
57970
57971
57972
57973
57974
57975
57976
57977
57978
57979
5798
57980
57981
57982
57983
57985
57986
57989
5799
57990
57991
57992
57993
57994
57995
57997
57998
57999
58
580
5800
58000
58001
58002
58006
58007
58008
58009
5801
58010
58011
58012
58013
58014
58015
58016
58017
58018
5802
58020
58022
58024
58025
58026
58027
58028
58029
5803
58030
58032
58033
58034
58035
58037
58040
58042
58043
58044
58045
58046
58047
58048
58049
5805
58050
58051
58052
58053
58054
58055
58056
58057
58058
58059
5806
58060
58061
58062
58063
58067
58068
58069
5807
58070
58073
58074
58075
58076
58077
58078
58079
5808
58081
58083
58084
58085
58086
58087
58088
5809
58090
58091
58093
58094
58095
58097
58098
581
5810
58100
58101
58102
58103
58104
58105
58106
58108
58109
5811
58111
58112
58113
58115
58118
58119
5812
58123
58124
58125
58126
58127
58129
5813
58130
58131
58132
58133
58134
58135
58136
58137
58138
5814
58141
58142
58143
58144
58148
58149
5815
58151
5816
58160
5817
58173
58176#1
58177
58178
5818
58183
58184
58185
58189
5819
58190
58193
58195
58196
58197
58198
582
5820
58202
58204
58206
58208
5821
58210
58215
58217
58218
58219
5822
58220
58221
58222
58224
58225
58226
58227
58228
58229
5823
58230
58231
58232
58233
58234
58235
58237
58238
58239
5824
58240
58241
58242
58244
58245
58247
58248
58249
5825
58250
58251
58252
58253
58255
58256
58257
58258
58259
5826
58260
58261
58262
58263
58264
58266
58267
58268
58269
5827
58270
58271
58272
58273
58274
58275
58276
5828
58280
58282
58283
58286
58287
58288
58289
5829
58290
58291
58292
58293
58294
58295
58296
58297
58298
58299
583
5830
58300
58302
58303
58304
58305
58306
58307
58308
58309
5831
58310
58311
58312
58313
58314
58315
58316
58317
5832
58320
58321
58322
58323
58324
58325
58326
58327
58328
58329
5833
58330
58331
58332
58333
58334
58335
58336
58337
58338
58339
5834
58341
58342
58343
58344
58345
58346
58347
58348
58349
5835
58350
58351
58352
58353
58354
58355
58356
58357
58359
5836
58360
58361
58362
58364
58366
58367
58368
5837
58371
58372
58374
58375
58377
58379
5838
58380
58381
58382
58383
58384
58385
58386
58387
58388
58389
5839
58390
58392
58394
58395
58397
58399
584
5840
58400
58401
58402
58403
58404
58405
58406
58407
58408
5841
58410
58412
58413
58414
58415
58416
58417
58418
5842
58421
58423
58424
58427
5843
58430
58431
58433
58434
58435
58436
58437
58438
58439
5844
58441
58442
58443
58445
58446
58447
58448
58449
5845
58450
58451
58452
58453
58454
58455
58456
58457
58458
58459
5846
58460
58461
58463
58464
58465
58466
58467
58468
58469
5847
58470
58471
58472
58473
58474
58475
58476
58477
58478
5848
58480
58481
58482
58483
58484
58485
58486
58487
58488
58489
5849
58490
58491
58492
58493
58494
58495
58496
58498
58499
585
5850
58500
58501
58502
58503
58504
58506
58508
58509
5851
58513
58514
58515
58516
5852
58520
58521
58522
58524
58525
58526
58527
58529
58530
58532
58533
58537
58538
58539
58543
58544
58547
58550
58551
58554
58556
58557
58559
5856
58560
58562
58564
58565
58568
58569
5857
58571
58572
58573
58574
58575
58577
58578
58579
58580
58581
58582
58585
58587
58588
5859
58590
58591
58592
58594
58595
58596
58597
58598
586
5860
58600
58602
58603
58604
58605
58606
58607
58608
58609
58610
58611
58612
58613
58614
58615
58616
58617
58618
58619
58622
58623
58624
58625
58626
58627
58628
58629
5863
58631
58632
58633
58634
58635
58636
58637
58638
58639
5864
58640
58641
58642
58643
58645
58646
58647
58648
58649
5865
58650
58652
58653
58654
58655
58656
58657
58658
58659
5866
58661
58662
58663
58664
58665
58666
58667
58668
58669
58670
58671
58672
58673
58674
58675
58676
58677
58678
5868
58680
58681
58682
58683
58684
58685
58686
58687
58688
58689
58690
58691
58692
58693
58694
58695
58696
58697
58698
58699
58700
58701
58702
58704
58705
58706
58708
58709
58710
58711
58712
58713
58714
58715
58716
58717
58718
58720
58721
58722
58723
58724
58725
58726
58727
58728
58729
5873
58730
58731
58732
58733
58734
58735
58736
58737
58738
58739
5874
58740
58741
58742
58743
58746
58747
58748
5875
58751
58752
58753
58755
58756
58757
58758
58759
58761
58762
58763
58764
58765
58767
58768
58769
5877
58770
58771
58772
58773
58774
58778
58779
5878
58780
58781
58782
58783
58784
58785
58786
58787
58788
58789
58790
58791
58792
58793
58794
58795
58796
58797
58798
58799
588
5880
58800
58801
58802
58803
58804
58805
58806
58807
58808
58809
58810
58811
58812
58813
58814
58815
58816
58817
58818
58819
58820
58821
58822
58824
58825
58826
58827
58828
58829
5883
58830
58831
58832
58833
58835
58836
58837
58839
5884
58842
58843
58844
58845
58847
58848
58849
5885
58850
58851
58852
58854
58855
58856
58857
58858
5886
58860
58861
58862
58865
58866
58867
58868
58869
5887
58870
58872
58875
58876
58877
58879
5888
58880
58881
58883
58884
58885
58886
58887
58888
5889
58890
58891
58892
58894
58896
58897
58898
58899
589
5890
58900
58901
58904
58905
58906
58907
58908
58909
5891
58910
58911
58912
58913
58914
58915
58917
58919
5892
58920
58921
58922
58923
58924
58925
58926
58928
5893
58930
58932
58933
58934
58935
58936
58937
58938
5894
58942
58943
58944
58947
58948
58949
5895
58950
58951
58953
58955
58958
5896
58960
58961
58962
58963
58965
58966
58967
58968
58969
5897
58971
58972
58974
58975
58976
58977
58979
5898
58980
58981
58982
58986
58987
58988
5899
58995
58996
59
5900
59003
59004
59007
59009
5901
59010
59011
59013
59014
59015
59016
59017
59019
5902
59020
59021
59022
59023
59024
59025
59026
59027
59029
5903
59031
59032
59033
59034
59035
59036
59037
59038
59039
59040
59041
59042
59043
59044
59045
59046
59047
59048
59049
5905
59050
59051
59052
59053
59054
59055
59056
59057
59058
59059
5906
59060
59061
59062
59063
59064
59065
59066
59067
59068
59069
5907
59070
59071
59072
59073
59074
59075
59076
59077
59078
59079
59080
59081
59083
59084
59085
59086
59087
59088
59089
5909
59090
59091
59092
59093
59094
59095
59096
59097
59098
59099
591
5910
59100
59101
59102
59103
59104
59106
59107
59108
59109
5911
59110
59111
59113
59114
59115
59116
59117
59118
59119
5912
59120
59121
59122
59124
59125
59126
59127
59128
59129
5913
59130
59131
59132
59133
59134
59135
59136
59137
59138
59139
5914
59140
59141
59142
59143
59144
59146
59147
59148
59149
5915
59150
59151
59152
59153
59154
59155
59156
59157
59158
59159
5916
59160
59161
59162
59163
59164
59165
59166
59167
59168
59169
59171
59173
59174
59175
59176
59177
59178
5918
59180
59181
59182
59183
59184
59185
59186
59187
59188
59189
5919
59191
59192
59193
59194
59195
59196
59197
59198
59199
592
5920
59200
59201
59203
59204
59205
59207
59208
59209
59210
59211
59212
59213
59214
59215
59216
59217
59218
59219
5922
59220
59221
59222
59223
59224
59226
59229
5923
59232
59235
59238
5924
59240
59244
59248
5925
59250
59254
59260
59261
59262
59263
59266
59268
59269
5927
59270
59272
59273
59274
59278
59279
5928
59280
59283
59284
59289
5929
59290
59293
59296
59297
59298
593
5930
59300
59301
59302
59303
59304
59305
59306
59307
59308
59309
5931
59310
59311
59312
59313
59314
59315
59316
59317
59319
5932
59322
59326
59327
59328
5933
59330
59331
59332
59333
59334
59336
59337
59338
59339
5934
59340
59341
59342
59343
59344
59345
59346
59347
59348
59349
59350
59351
59352
59353
59354
59355
59356
59357
59358
59359
5936
59360
59361
59362
59363
59364
59365
59366
59368
59369
5937
59370
59371
59372
59373
59374
59375
59376
59377
59378
59379
5938
59380
59381
59382
59383
59384
59385
59386
59387
59388
59389
5939
59390
59391
59392
59393
59394
59395
59396
59397
59398
59399
594
5940
59400
59401
59402
59403
59404
59405
59407
59408
59409
59410
59411
59412
59413
59415
59416
59417
59418
59419
5942
59420
59421
59422
59423
59424
59425
59426
59428
59429
59430
59431
59432
59433
59434
59435
59436
59437
59438
59439
5944
59440
59441
59442
59444
59445
59446
59447
59448
59449
5945
59450
59452
59453
59454
59455
59456
59457
59458
59459
5946
59460
59461
59462
59463
59464
59465
59466
59467
59468
5947
59470
59471
59472
59473
59474
59475
59476
59477
59478
59479
5948
59480
59481
59482
59483
59484
59485
59486
59487
59488
59489
59490
59491
59493
59494
59495
59496
59497
59498
59499
595
5950
59500
59501
59502
59503
59504
59505
59506
59507
59508
59509
5951
59510
59511
59513
59514
59518
59519
5952
59522
59524
59525
59527
59530
59531
59535
59536
59537
59539
59540
59541
59549
5955
59552
59553
59555
59559
5956
59562
59564
59565
59568
5957
59570
59572
59573
59574
59576
59578
59579
5958
59580
59582
59584
59585
59586
59587
59588
59589
59590
59591
59592
59593
59594
59595
59596
59597
59598
59599
596
5960
59600
59601
59602
59603
59604
59605
59606
59608
59609
5961
59610
59611
59612
59613
59614
59615
59616
59617
59618
59619
5962
59620
59621
59622
59623
59624
59625
59626
59627
59628
59629
59630
59631
59633
59634
59635
59638
59639
5964
59640
59641
59642
59644
59645
59646
59647
59648
59649
5965
59650
59651
59652
59653
59655
59656
59657
59658
59659
5966
59660
59661
59662
59663
59664
59665
59666
59667
59669
5967
59670
59671
59673
59675
59676
59677
59678
59679
5968
59680
59681
59682
59684
59685
59686
59687
59688
59689
5969
59690
59693
59694
59695
59696
59697
59698
59699
597
59700
59701
59702
59703
59704
59705
59706
59707
59708
59709
5971
59710
59711
59712
59713
59714
59715
59716
59717
59718
59719
5972
59720
59721
59722
59723
59724
59725
59726
59727
59728
59729
5973
59730
59731
59732
59733
59734
59735
59736
59737
59738
59739
5974
59740
59741
59742
59743
59744
59745
59746
59747
59748
59749
5975
59750
59752
59753
59754
59755
59756
59757
59758
59759
5976
59760
59761
59762
59763
59764
59765
59766
59767
59768
59769
5977
59770
59771
59772
59773
59774
59775
59776
59777
59778
59779
5978
59780
59781
59782
59783
59784
59785
59786
59787
59788
59789
5979
59790
59791
59792
59793
59794
59795
59796
59797
59798
59799
598
5980
59800
59801
59803
59804
59805
59806
59807
59808
5981
59810
59811
59812
59813
59814
59816
59817
59819
5982
59820
59821
59822
59823
59824
59825
59826
59827
59828
59829
5983
59830
59831
59832
59833
59837
59838
59839
5984
59842
59843
59844
59845
59848
59849
5985
59850
59851
59852
59853
59854
59855
59856
59857
59858
59859
5986
59860
59861
59862
59863
59864
59865
59866
59867
59868
5987
59870
59872
59873
59874
59875
59876
59877
59878
59879
5988
59880
59881
59882
59883
59884
59885
59886
59887
59889
5989
59890
59892
59893
59894
59895
59896
59897
59898
59899
599
5990
59900
59901
59902
59903
59904
59905
59906
59907
59908
59909
5991
59910
59911
59912
59913
59914
59915
59916
59917
59918
59919
5992
59920
59922
59923
59924
59925
59926
59928
59929
5993
59930
59931
59932
59933
59934
59935
59936
59937
59938
59939
5994
59940
59941
59942
59943
59944
59945
5995
59958
5996
59964
59965
59966
59967
5997
59975
59977
59978
5998
59980
59984
59985
59989
5999
59990
59996
59997
59999
6
60
600
6000
60000
60001
60002
60003
60004
60005
60006
60007
60008
6001
60010
60011
60012
60013
60014
60015
60016
60017
60018
60019
6002
60020
60021
60022
60023
60024
60025
60026
60027
60028
60029
6003
60030
60031
60032
60033
60034
60035
60036
60037
60038
60039
6004
60040
60041
60042
60043
60044
60045
60046
60047
60048
6005
60050
60051
60052
60053
60054
60056
60057
60058
60059
6006
60060
60061
60062
60063
60064
60065
60066
60067
60068
60069
6007
60070
60071
60072
60073
60074
60075
60076
60077
60078
60079
6008
60080
60081
60082
60083
60085
60086
60087
60088
60089
6009
60090
60091
60092
60094
60096
60097
60098
60099
601
6010
60100
60101
60102
60103
60104
60105
60106
60107
60108
60109
6011
60110
60111
60112
60113
60114
60115#1
60116
60117
60118
60119
6012
60121
60122
60123
60124
60125
60126
60127
60128
60129
6013
60130
60131
60132
60133
60134
60135
60136
60137
60138
60139
6014
60140
60141
60142
60143
60144
60145
60146
60147
60148
60149
6015
60150
60151
60152
60153
60154
60155
60156
60157
60158
60159
6016
60160
60161
60162
60164
60165
60166
60167
60168
60169
6017
60170
60171
60172
60173
60174
60175
60176
60177
60178
60179
6018
60180
60181
60182
60183
60184
60185
60186
60187
60188
60189
6019
60191
60192
60193
60194
60195
60196
60197
60198
60199
602
6020
60200
60201
60202
60203
60204
60205
60206
60207
60208
60209
6021
60210
60211
60212
60213
60214
60215
60216
60217
60218
60219
6022
60220
60221
60222
60223
60224
60225
60226
60227
60228
60229
6023
60230
60231
60232
60233
60235
60236
60237
60238
60239
6024
60240
60241
60242
60243
60244
60245
60246
60247
60248
60249
6025
60250
60251
60252
60253
60254
60255
60257
60258
60259
6026
60260
60261
60262
60263
60264
60266
60268
60269
6027
60270
60271
60272
60274
60275
60276
60277
60278
60279
6028
60280
60281
60282
60283
60284
60285
60286
60287
60288
60289
6029
60290
60291
60292
60293
60294
60295
60296
60297
60298
603
6030
60300
60301
60302
60303
60304
60305
60306
60307
60308
60309
6031
60310
60311
60312
60313
60314
60315
60316
60317
60318
60319
6032
60320
60322
60323
60324
60325
60326
60327
60328
60329
6033
60330
60331
60332
60333
60334
60335
60336
60337
60338
60339
6034
60340
60341
60342
60343
60344
60345
60346
60347
60349
6035
60350
60351
60352
60353
60354
60355
60356
60357
60358
60359
6036
60361
60362
60363
60364
60365
60367
60368
60369
6037
60370
60371
60372
60373
60374
60375
60376
60377
60378
60379
6038
60380
60381
60382
60383
60384
60385
60387
60388
60389
6039
60390
60391
60392
60393
60394
60395
60396
60397
60398
60399
604
6040
60401
60402
60403
60404
60405
60406
60407
60408
60409
6041
60410
60411
60412
60413
60414
60415
60416
60417
60418
60419
6042
60420
60421
60422
60423
60424
60425
60426
60427
60428
60429
6043
60430
60431
60432
60434
60435
60437
60438
6044
60440
60441
60442
60443
60444
60445
60446
60447
60448
60449
6045
60450
60451
60452
60453
60454
60455
60456
60457
60458
60459
6046
60460
60461
60462
60463
60464
60465
60466
60467
60468
60469
6047
60471
60472
60473
60474
60476
60477
60478
60479
6048
60480
60482
60483
60484
60485
60486
60487
60488
60489
6049
60490
60491
60492
60493
60494
60495
60496
60497
60498
60499
605
6050
60500
60501
60502
60503
60504
60505
60506
60507
60508
60509
6051
60510
60511
60512
60513
60514
60515
60516
60517
60518
60519
6052
60520
60521
60523
60524
60525
60526
60527
60528
60529
6053
60530
60531
60532
60533
60534
60535
60536
60537
60538
60539
6054
60540
60541
60542
60543
60544
60545
60546
60548
60549
6055
60550
60552
60554
60555
60558
60559
6056
60560
60561
60562
60563
60564
60565
60566
60567
60568
60569
6057
60570
60571
60572
60573
60574
60575
60576
60577
60578
60579
6058
60580
60581
60582
60583
60584
60585
60586
60587
60589
6059
60590
60591
60592
60593
60594
60595
60596
60597
60598
60599
606
6060
60600
60601
60602
60603
60604
60605
60606
60607
60608
60609
6061
60610
60611
60612#1
60613#1
60614
60615
60616
60617
60618
6062
60620
60621
60622
60623
60624
60626
60627
60628
60629
6063
60630
60631
60632
60633
60634
60635
60636
60637
60638
60639
6064
60640
60641
60643
60644
60645
60646
60647
60648
60649
6065
60650
60651
60652
60654
60655
60656
60657
60658
6066
60660
60661
60662
60663
60664
60665
60666
60667
60668
60669
6067
60670
60671
60672
60673
60674
60675
60676
60677
60678
6068
60680
60681
60682
60683
60684
60685
60686
60687
60688
60689
6069
60690
60691
60693
60694
60695
60696
60697
60698
60699
607
6070
60700
60701
60702
60703
60704
60705
60706
60707
60708
60709
6071
60710
60711
60712
60713
60714
60715
60716
60717
60718
60719
6072
60720
60721
60722
60723
60724
60725
60726
60727
60728
60729
6073
60730
60731
60732
60733
60734
60735
60736
60737
60738
60739
6074
60740
60741
60742
60743
60744
60745
60746
60747
60748
60749
6075
60750
60751
60752
60753
60754
60755
60756
60757
60758
60759
6076
60760
60761
60762
60763
60764
60765
60766
60767
60768
60769
6077
60770
60771
60772
60773
60774
60775
60776
60777
60779
6078
60780
60782
60783
60784
60785
60786
60787
60788
60789
6079
60790
60791
60792
60793
60794
60795
60796
60797
60798
60799
608
6080
60800
60801
60802
60803
60804
60805
60806
60807
60808
60809
6081
60810
60811
60812
60813
60814
60815
60816
60817
60818
60819
6082
60820
60821
60822
60823
60824
60825
60826
60827
60828
60829
6083
60830
60831
60832
60833
60834
60835
60836
60837
60838
60839
6084
60840
60841
60842
60843
60844
60845
60846
60847
60848
60849
6085
60850
60851
60853
60854
60855
60856
60857
60858
60859
6086
60860
60861
60862
60863
60864
60865
60866
60867
60868
60869
6087
60870
60872
60873
60874
60875
60876
60877
60878
60879
6088
60880
60881
60882
60883
60884
60885
60886
60887
60888
60889
6089
60890
60891
60892
60893
60894
60895
60896
60897
60898
60899
609
6090
60901
60902
60903
60904
60905
60906
60907
60908
60909
6091
60910
60911
60912
60913
60914
60915
60916
60917
60918
60919
6092
60920
60921
60922
60923
60924
60925
60926
60927
60928
60929
6093
60930
60931
60932
60933
60934
60935
60936
60937
60938
60939
6094
60940
60941
60942
60943
60944
60945
60946
60947
60948
60949
6095
60950
60951
60952
60953
60954
60955
60956
60957
60958
60959
6096
60960
60961
60962
60963
60964
60965
60966
60967
60968
60969
6097
60970
60972
60973
60974
60975
60976
60978
60979
6098
60980
60981
60982
60984
60985
60986
60987
60988
60989
6099
60990
60991
60992
60993
60994
60995
60996
60997
60998
60999
61
610
6100
61000
61001
61002
61003
61004
61005
61006
61007
61008
61009
6101
61010
61011
61012
61013
61014
61015
61016
61017
61018
61019
6102
61020
61021
61023
61024
61025
61026
61027
61028
61029
6103
61030
61031
61032
61033
61034
61035
61036
61037
61038
61039
6104
61040
61041
61042
61043
61044
61045
61046
61047
61048
61049
6105
61050
61051
61052
61053
61054
61055
61056
61057
61058
61059
6106
61060
61061
61062
61063
61064
61065
61066
61067
61068
61069
6107
61070
61071
61072
61073
61074
61075
61076
61077
61078
61079
6108
61080
61081
61082
61083
61084
61085
61086
61087
61088
61089
6109
61090
61091
61092
61093
61094
61095
61096
61097
61098
61099
611
6110
61100
61101
61102
61103
61104
61105
61107
61108
61109
6111
61110
61111
61113
61114
61115
61117
61119
6112
61120
61121
61122
61123
61124
61125
61126
61127
61128
61129
6113
61130
61131
61132
61133
61134
61135
61136
61137
61138
61139
6114
61140
61141
61142
61143
61144
61145
61146
61147
61148
61149
6115
61150
61151
61152
61153
61154
61156
61157
61158
61159
6116
61160
61161
61162
61163
61164
61165
61166
61167
61168
61169
6117
61170
61171
61172
61173
61174
61175
61176
61177
61178
61179
6118
61180
61181
61182
61183
61184
61185
61186
61187
61188
61189
6119
61190
61191
61192
61193
61194
61195
61196
61197
61198
61199
612
6120
61200
61201
61202
61203
61204
61205
61206
61207
61208
61209
6121
61210
61211
61213
61214
61215
61216
61217
61218
61219
6122
61220
61221
61222
61223
61224
61225
61226
61227
61228
61229
6123
61230
61231
61232
61233
61234
61235
61236
61237
61238
61239
6124
61240
6125
6126
6127
6128
6129
6130
6131
6132
6133
6134
6135
6136
6137
6138
6139
614
6140
6141
6142
6143
6144
6145
61457
61458
61459
6146
61460
61461
61462
61463
61464
61465
61466
61467
61468
61469
6147
61470
61471
61472
61473
61474
61475
61476
61477
61478
61479
6148
61480
61481
61482
61483
61484
61485
61486
61487
61488
61489
6149
61490
61491
61492
61493
61494
61495
61496
61497
61498
61499
615
6150
61500
61501
61503
61504
61505
61506
61507
61508
61509
61510
61511
61512
61513
61514
61515
61516
61517
61518
61519
6152
61520
61521
61522
61523
61524
61525
61526
61527
61528
61529
6153
61530
61531
61532
61533
61534
61535
61536
61539
6154
61540
61544
61545
61546
61547
61548
61549
6155
61550
61551
61552
61553
61554
61555
61556
61557
61558
61559
6156
61560
61561
61562
61563
61564
61565
61566
61567
61568
61569
6157
61570
61571
61573
61574
61577
61578
61579
6158
61580
61581
61582
61583
61584
61585
61586
61587
61588
61589
6159
61590
61591
61592
61593
61594
61595
61596
61597
61598
61599
616
6160
61600
61601
61602
61603
61604
61605
61606
61607
61608
61609
6161
61610
61611
61612
61613
61614
61615
61616
61617
61618
61619
6162
61620
61621
61622
61623
61624
61625
61626
61627
61628
61629
6163
61630
61631
61632
61633
61634
61635
61636
61637
61638
61639
6164
61640
61641
61642
61643
61644
61646
61647
6165
61651
61652
61653
61654
61655
61656
61657
61658
61659
6166
61660
61661
61664
61665
61666
61667
61668
61669
6167
61670
61671
61672
61673
61674
61675
61676
61677
61678
61679
6168
61680
61681
61682
61683
61684
61685
61686
61687
61688
61689
6169
61690
61691
61692
61693
61694
61695
61696
61697
61698
61699
617
6170
61700
61701
61702
61703
61704
61705
61706
61707
61708
61709
6171
61710
61711
61712
61713
61714
61715
61716
61717
61718
61719
6172
61720
61721
61722
61723
61725
61726
61727
61728
61729
6173
61730
61731
61732
61733
61735
61736
61737
61738
61739
6174
61740
61741
61742
61743
61744
61746
61747
61748
61749
6175
61750
61751
61752
61753
61755
61756
61757
61758
61759
6176
61760
61761
61762
61763
61764
61765
61766
61767
61768
61769
6177
61770
61771
61772
61773
61774
61775
61776
61777
61778
61779
6178
61780
61781
61782
61783
61784
61785
61786
61787
61788
61789
6179
61790
61792
61793
61794
61795
61796
61797
61799
618
6180
61800
61801
61802
61803
61804
61805
61806
61807
61808
61809
6181
61810
61811
61812
61813
61814
61816
61817
61818
61819
6182
61820
61821
61822
61825
61826
61827
61828
61829
6183
61830
61831
61832
61833
61834
61835
61836
61837
61838
61839
6184
61840
61841
61842
61843
61844
61845
61846
61847
61848
61849
6185
61850
61851
61852
61853
61854
61855
61856
61857
61858
61859
6186
61860
61861
61862
61863
61864
61865
61866
61867
61868
61869
6187
61870
61871
61875
61876
6188
61884
61885
61886
61887
61888
61889
6189
61890
61898
61899
619
6190
61900
61901
61902
61903
61904
61905
61907
61908
61909
6191
61910
61911
61912
61913
61914
61915
61916
61917
61918
61919
6192
61920
61921
61922
61923
61924
61925
61926
61927
61928
61929
6193
61930
61931
61932
61933
61935
61936
61937
61938
61939
6194
61941
61942
61943
61944
61945
61948
61949
6195
61950
61951
61952
61953
61954
61955
61956
61957
61958
61959
6196
61960
61961
61962
61963
61966
61967
61968
61969
6197
61970
61971
61972
61973
61974
61975
61976
61977
61978
6198
61980
61981
61983
61984
61985
61986
61987
61988
61989
6199
61990
61991
61992
61993
61994
61995
61996
61997
61999
62
620
6200
62000
62001
62002
62003
62004
62005
62006
62007
62008
62009
6201
62010
62013
62014
62015
62019
6202
62020
62022
62023
62024
62025
62026
62027
62028
62029
6203
62030
62031
62032
62033
62035
62036
62037
62038
62039
6204
62040
62041
62042
62043
62044
62045
62046
62047
62049
6205
62050
62051
62052
62053
62054
62055
62056
62057
62058
62059
6206
62060
62061
62062
62063
62064
62065
62066
62067
62068
62069
6207
62070
62071
62072
62073
62074
62075
62084
62085
62086
62087
62088
62089
62090
62091
62092
62093
62094
62095
62096
62097
62098
62099
621
6210
62100
62101
62102
62103
62104
62105
62106
62107
62108
6211
62110
62111
62112
62113
62114
62115
62116
62117
62118
62119
6212
62120
62121
62122
62123
62124
62125
62127
62128
62129
6213
62130
62131
62132
62133
62134
62135
62136
62137
62138
62139
6214
62140
62141
62142
62143
62144
62145
62146
62147
62148
62149
6215
62150
62151
62152
62153
62154
62155
62156
62157
62158
62159
62160
62161
62163
62164
62165
62166
62167
62168
62169
6217
62170
62171
62172
62173
62174
62175
62176
62177
62178
62179
6218
62180
62181
62182
62183
62184
62185
62186
62187
62188
62189
6219
62190
62191
62194
62195
62196
62197
62198
62199
622
6220
62200
62201
62202
62203
62204
62205
62206
62207
62208
62209
6221
62210
62211
62212
62213
62214
62215
62216
62217
62218
62219
6222
62220
62221
62222
62224
62225
62226
62227
62228
62229
6223
62230
62231
62232
62233
62234
62235
62236
62239
6224
62241
62242
62243
62244
62245
62247
62248
62249
6225
62250
62251
62252
62253
62254
62255
62256
62257
62258
62259
6226
62260
62261
62262
62263
62264
62265
62266
62267
62268
62269
6227
62270
62271
62272
62273
62274
62275
62277
62278
62279
62280
62281
62283
62284
62285
62286
62287
62288
6229
62290
62291
62292
62293
62294
62295
62296
62298
62299
623
6230
62300
62301
62302
62303
62304
62306
62308
6231
62310
62311
62312
62313
62314
62315
62316
62317
62318
62319
6232
62320
62321
62322
62323
62324
62325
62326
62327
62328
62329
6233
62330
62331
62332
62333
62337
62338
62339
6234
62340
62341
62342
62345
62346
62347
62348
62349
6235
62350
62351
62352
62354
62356
62357
62358
62359
6236
62360
62361
62362
62363
62364
62365
62366
62367
62368
62369
6237
62370
62371
62372
62373
62374
62375
62377
62378
62379
6238
62380
62381
62382
62383
62384
62385
62386
62387
62388
62391
62392
62393
62394
62395
62396
62397
62398
62399
624
6240
62400
62401
62402
62403
62404
62405
62406
62407
62408
62409
6241
62410
62411
62412
62413
62414
62415
62416
62417
62418
62419
6242
62420
62421
62422
62423
62424
62425
62426
62427
62428
62429
6243
62430
62431
62432
62433
62434
62435
62436
62437
62438
62439
6244
62440
62441
62442
62443
62444
62445
62446
62447
62448
62449
6245
62450
62451
62452
62453
62454
62455
62456
62457
62458
62459
6246
62460
62461
62462
62463
62464
62465
62466
62467
62468
62469
6247
62470
62471
62473
62474
62477
62478
62479
6248
62480
62481
62482
62483
62484
62485
62486
62487
62488
62489
6249
62490
62491
62492
62493
62494
62495
62496
62497
62498
62499
625
6250
62500
62501
62502
62503
62504
62505
62506
62507
62508
62509
6251
62510
62511
62512
62513
62514
62515
62516
62518
62519
6252
62520
62521
62522
62523
62524
62525
62526
62527
62528
62529
6253
62530
62531
62532
62534
62535
62536
62537
62538
62539
6254
62540
62541
62542
62543
62544
62545
62546
62547
62548
62549
6255
62550
62551
62552
62553
62554
62555
62556
62557
62558
62559
6256
62560
62561
62562
62563
62564
62566
62567
62568
62569
6257
62570
62571
62572
62573
62574
62575
62576
62577
62578
62579
6258
62580
62581
62582
62583
62584
62585
62586
62587
62588
62589
6259
62590
62591
62592
62593
62594
62595
62596
62597
62598
62599
626
6260
62600
62601
62603
62604
62605
62606
62607
62608
62609
6261
62610
62611
62612
62613
62614
62615
62616
62617
62618
62619
6262
62620
62621
62622
62623
62624
62625
62626
62627
62628
62629
6263
62630
62631
62632
62633
62634
62635
62636
62637
62638
62639
6264
62640
62641
62642
62643
62644
62645
62646
62647
62648
62649
6265
62650
62651
62652
62653
62654
62655
62656
62657
62658
62659
6266
62660
62661
62662
62663
62664
62665
62666
62667
62668
62669
6267
62670
62671
62672
62673
62674
62675
62676
62677
62678
62679
6268
62680
62681
62682
62683
62684
62685
62686
62687
62688
62689
6269
62690
62691
62692
62693
62694
62695
62696
62697
62698
62699
627
6270
62700
62701
62702
62703
62704
62705
62706
62707
62708
62709
6271
62710
62711
62712
62713
62714
62715
62716
62717
62718
62719
62720
62721
62726
62727
62728
62729
6273
62730
62731
62732
62733
62734
62735
62736
62737
62738
62739
6274
62740
62741
62742
62743
62744
62745
62746
62747
62748
62749
6275
62750
62751
62752
62753
62754
62755
62756
62757
62758
6276
62760
62761
62762
62763
62764
62765
62766
62767
62769
6277
62770
62771
62772
62773
62774
62775
62776
62778
62779
6278
62780
62781
62782
62783
62785
62786
62787
62788
62789
6279
62791
62792
62793
62794
62795
62796
62797
62798
62799
628
6280
62800
62801
62803
62804
62805
62806
62807
62808
62809
6281
62810
62811
62812
62813
62814
62815
62816
62817
62818
62819
6282
62820
62821
62822
62824
62825
62826
62827
62828
6283
62830
62831
62832
62833
62834
62835
62836
62837
62838
62839
6284
62840
62841
62842
62843
62844
62845
62846
62847
62848
62849
6285
62850
62851
62852
62853
62854
62855
62856
62857
62858
62859
6286
62860
62861
62862
62863
62864
62865
62866
62867
62868
62869
6287
62870
62871
62872
62873
62875
62876
62877
62878
62879
6288
62880
62881
62882
62883
62884
62885
62886
62887
62888
6289
62890
62891
62892
62893
62894
62895
62896
62897
62898
62899
629
6290
62900
62901
62902
62903
62904
62905
62906
62907
62908
62909
6291
62910
62911
62912
62913
62914
62915
62916
62917
62918
62919
6292
62920
62922
62923
62924
62925
62926
62927
62928
62929
6293
62930
62933
62934
62935
62938
62939
6294
62940
62941
62942
62943
62944
62945
62946
62947
62948
62949
6295
62950
62951
62952
62953
62954
62955
62956
62957
62958
62959
6296
62960
62961
62962
62963
62964
62965
62966
62967
62968
62969
6297
62971
62972
62973
62974
62975
62976
62977
62978
62979
6298
62980
62983
62984
62985
62987
62989
6299
62990
62991
62992
62994
62995
62996
62997
62998
62999
63
630
6300
63000
63001
63002
63003
63004
63006
63007
63009
6301
63010
63013
63014
63017
63019
6302
63020
63021
63022
63023
63024
63025
63027
63028
63029
6303
63030
63031
63032
63033
63034
63035
63036
63037
63038
6304
63040
63041
63042
63043
63044
63045
63046
63047
63048
63049
6305
63050
63051
63052
63053
63054
63055
63056
63057
63058
63059
6306
63060
63061
63062
63063
63064
63065
63066
63067
63068
63069
6307
63070
63071
63072
63075
63076
63077
63078
6308
63080
63081
63082
63083
63084
63085
63086
63087
63088
63089
6309
63090
63091
63092
63093
63094
63095
63096
63098
63099
631
6310
63101
6311
63116
63117
63118
63119
6312
63120
63121
63122
63124
63125
63126
63127
63128
63129
63130
63132
63133
63134
63135
63136
63137
63138
63139
6314
63140
63142
63143
63144
63145
63146
63147
63148
6315
63150
63151
63152
63153
63154
63155
63156
63157
63158
63159
6316
63160
63161
63162
63163
63164
63165
63166
63167
63168
63169
6317
63170
63171
63172
63173
63174
63175
63176
63177
63178
63179
6318
63180
63181
63182
63183
63184
63185
63186
63187
63188
63189
6319
63190
63191
63192
63193
63194
63195
63196
63197
63198
63199
632
6320
63200
63201
63202
63203
63204
63205
63207
63208
63209
6321
63210
63211
63212
63213
63214
63215
63216
63217
63218
63219
6322
63220
63221
63222
63223
63224
63225
63226
63227
63228
63229
6323
63230
63231
63232
63233
63234
63235
63236
63237
63238
63239
6324
63240
63241
63243
63244
63245
63246
63247
63248
63249
6325
63252
63253
63254
63255
63256
63257
63259
6326
63260
63261
63262
63263
63264
63265
63266
6327
63272
6328
6329
63292
633
6330
63303
63304
63305
63306
63307
63308
63309
6331
63310
63311
63312
63313
63314
63315
63316
63317
63318
63319
6332
63320
63321
63322
63323
63324
63325
63326
63327
63328
63329
6333
63330
63331
63332
63333
63334
63335
63339
6334
63345
6335
6336
63365
6337
63372
63373
63374
63375
63376
63377
6338
63386
63387
63388
63389
6339
63390
63391
63392
63393
63394
63395
63396
63397
63398
634
6340
63400
63401
63402
63403
63404
63405
63406
63407
63408
63409
6341
63410
63412
63413
63415
63416
63417
63418
63419
6342
63420
63421
63422
63423
63424
63426
63427
63428
63429
6343
63430
63431
63432
63433
63434
63435
63436
63437
63438
63439
6344
63440
63441
63442
63443
63444
63445
63446
63447
63448
63449
6345
63453
63455
63457
63458
63459
6346
63460
63461
63462
63465
63466
63467
63468
63469
6347
63470
63473
63474
63475
63476
63477
63478
63479
6348
63480
63481
63482
63484
63485
63486
63487
63488
63489
6349
63490
63491
63492
63493
63497
63498
63499
635
6350
63500
63501
63502
63503
63504
63505
63506
63507
63508
63509
6351
63510
63511
63512
63513
63514
63516
63517
63518
63519
6352
63520
63521
63523
63527
63528
63529
6353
63530
63531
63532
63533
63534
63536
63537
63538
63539
63540
63541
63542
63544
63545
63546
63547
63548
63549
6355
63550
63551
63552
63553
63554
63555
63556
63557
63558
63559
6356
63560
63561
63562
63563
63564
63565
63566
63567
63568
63569
6357
63570
63571
63572
63573
63574
63575
63576
63577
63578
63579
6358
63580
63581
63582
63583
63585
63586
63587
63588
63589
6359
63591
63592
63593
63594
63595
63597
63598
63599
636
6360
63600
63601
63602
63603
63604
63605
63606
63607
63608
63609
6361
63610
63611
63612
63613
63614
63615
63616
63619
6362
63620
63625
63627
63628
63629
6363
63630
63631
63632
63633
63634
63636
63637
6364
63640
63641
63642
63643
63644
63645
63647
63648
63649
6365
63650
63652
63653
63654
63655
63656
63658
63659
6366
63660
63661
63662
63663
63664
63665
63666
63667
63668
63669
6367
63670
63671
63674
63675
63676
63677
63678
63679
6368
63680
63682
63683
63684
63685
63686
63687
63688
6369
637
6370
63704
63707
63708
63709
6371
63710
63711
63712
63713
63714
63715
63716
63717
63718
63719
6372
63720
63721
63722
63723
63724
63725
63726
63727
63728
63729
6373
63730
6374
63744
63749
6375
63750
63751
63752
63753
63755
63756
63757
63758
63759
6376
63760
63761
63762
63763
63764
63765
63766
63767
63768
63769
6377
63770
63771
63772
63773
63774
63775
63776
63777
63779
6378
63780
63781
63782
63783
63785
63787
63788
63789
6379
63790
63791
63792
63793
63794
63795
63796
63797
63798
63799
638
6380
63800
63801
63803
63804
63805
63807
63808
63809
6381
63810
63811
63812
63813
63814
63815
63816
63817
63818
6382
63820
63821
63822
63823
63824
63825
63826
6383
63832
63834
63835
63836
63837
63838
63839
6384
63840
63841
63842
63843
63844
63845
63846
63847
63849
6385
63850
63851
63852
63853
63854
63855
63856
63857
63858
63859
6386
63862
63863
63864
63865
63866
63867
63868
63869
6387
63870
63871
63875
63876
63877
63878
63879
6388
63880
63881
63882
63884
63885
63886
63887
63888
63889
6389
63890
63891
63893
63894
63895
63896
63897
63898
63899
639
6390
63900
63901
63902
63904
63905
63906
63907
6391
63912
63913
63914
63915
63916
63917
63918
63919
6392
63920
63921
63922
63923
63924
63925
63926
63927
6393
63930
63931
63932
63935
63936
63937
63938
63939
6394
63940
63941
63942
63943
63944
63945
63946
63947
63948
63949
6395
63950
63951
63952
63953
63954
63955
63956
63957
63958
63959
6396
63960
63961
63962
63963
63964
63968
6397
63974
63975
63976
63977
63978
63979
6398
63980
63981
63982
63983
63984
63985
63986
63987
63988
63989
6399
63990
63991
63992
63993
63994
63996
63997
63998
63999
64
640
6400
64000
64001
64002
64003
64004
64005
64006
64007
64008
64009
64010
64011
64012
64013
64014
64015
64016
64017
64018
64019
6402
64020
64021
64022
64023
64024
64025
64026
64027
64028
64029
6403
64030
64031
64032
64033
64034
64035
64036
64037
64038
64039
6404
64040
64041
64042
64043
64044
64045
64046
64047
64048
64049
6405
64050
64051
64052
64053
64054
64055
64056
64057
64058
64059
6406
64060
64061
64062
64063
64064
64065
64066
64067
64068
64069
6407
64070
64071
64072
64073
64074
64075
64076
64077
64078
64079
6408
64080
64081
64082
64083
64084
64085
64086
64087
64088
64089
64090
64094
64095
64096
64097
64098
64099
6410
64100
64101
64102
64103
64104
64105
64106
64107
64108
64109
6411
64110
64112
64113
64114
64115
64116
64117
64118
64119
6412
64121
64122
64123
64124
64125
64126
64127
64130
64131
64132
64133
64134
64135
64136
64138
64139
6414
64140
64141
64142
64143
64144
64145
64147
64148
64149
6415
64150
64151
64152
64153
64154
64155
64156
64157
64158
64159
6416
64160
64161
64162
64163
64164
64165
64166
64167
64168
6417
64170
64171
64172
64174
64175
64176
64177
64178
64179
6418
64180
64182
64183
64184
64185
64186
64187
64188
64189
6419
64190
64191
64192
64193
64194
64195
64196
64197
64198
64199
642
6420
64200
64201
64202
64204
64205
64206
64207
64208
64209
6421
64210
64211
64212
64213
64214
64215
64216
64217
64218
64219
6422
64220
64221
64222
64223
64224
64225
64226
64227
64228
64229
6423
64230
64231
64232
64233
64234
64235
64236
64237
64238
6424
64240
64242
64243
64244
64245
64246
64247
64248
64249
6425
64250
64251
64252
64253
64254
64255
64256
64257
64258
64259
6426
64260
64261
64262
64263
64264
64265
64266
64268
64269
6427
64270
64271
64272
64273
64274
64276
64277
64278
64279
6428
64280
64281
64282
64283
64285
64286
64287
64288
64289
6429
64290
64291
64292
64293
64294
64295
64296
64298
64299
643
6430
64300
64301
64302
64303
64304
64305
64308
6431
64310
64311
64312
64313
64314
64315
64316
64317
64318
6432
64320
64321
64322
64323
64324
64325
64326
64327
6433
64330
64331
64332
64333
64334
64335
64336
64337
64338
64339
6434
64340
64341
64342
64344
64345
64346
64347
64348
64349
6435
64350
64351
64355
64356
64357
64359
6436
64360
64361
64362
64363
64364
64365
64366
64367
64368
64369
6437
64370
64371
64372
64373
64374
64375
64376
64377
64378
64379
6438
64380
64381
64382
64383
64384
64385
64386
64387
64388
64389
6439
64390
64391
64392
64393
64395
64396
64397
64398
64399
644
6440
64400
64401
64402
64403
64404
64405
64407
64408
64409
6441
64410
64411
64412
64413
64415
64416
64417
6442
64421
64422
64423
64424
64425
64426
64427
64428
64429
6443
64430
64431
64432
64433
64434
64435
64436
64437
64438
64439
6444
64440
64441
64443
64444
64445
64446
64447
64448
64450
64451
64453
64454
64455
64456
64457
64458
64459
6446
64460
64461
64462
64463
64464
64465
64466
64467
64468
64469
6447
64470
64471
64472
64473
64474
64475
64476
64477
64478
64479
6448
64481
64482
64483
64484
64485
64486
64487
64488
64489
6449
64490
64491
64492
64493
64494
64495
64496
64497
64498
64499
645
64501
64502
64503
64504
64505
64506
64507
64508
64509
6451
64510
64511
64512
64513
64514
64515
64516
64517
64518
64519
6452
64521
64522
64523
64524
64525
64526
64527
64528
64529
6453
64530
64531
64532
64533
64534
64535
64536
64537
64538
64539
6454
64540
64541
64542
64543
64544
64545
64546
64547
64548
64549
6455
64550
64551
64553
64554
64555
64556
64557
64558
64559
6456
64560
64561
64562
64563
64564
64565
64566
64567
64568
64569
6457
64570
64571
64572
64573
64574
64576
64578
64579
6458
64580
64581
64582
64583
64584
64585
64586
64587
64588
64589
6459
64590
64591
64592
64593
64594
64595
64596
64597
64598
64599
6460
64600
64601
64602
64603
64604
64605
64606
64607
64608
64609
6461
64610
64611
64612
64613
64614
64615
64616
64617
64618
64619
6462
64620
64621
64622
64623
64624
64625
64626
64627
64628
64629
6463
64630
64631
64632
64633
64635
64636
64637
64638
64639
6464#1
64640
64641
64642
64643
64645
64646
64647
64648
64649
6465
64650
64651
64652
64653
64654
64655
64656
64657
64658
64659
6466
64660
64661
64662
64663
64665
64666
64667
64668
64669
6467
64670
64671
64672
64673
64674
64675
64676
64677
64679
64681
64682
64683
64684
64685
64686
64687
64688
64689
6469
64690
64691
64692
64693
64694
64695
64696
64697
64698
64699
647
6470
64700
64703
64704
64705
64706
64707
64708
6471
64710
64711
64712
64713
64714
64715
64716
64717
64718
64719
6472
64720
64722
64723
64724
64725
64726
64727
64728
64729
6473
64730
64731
64732
64733
64734
64735
64736
64737
64738
64739
6474
64740
64741
64742
64743
64744
64745
64747
64748
64749
64750
64751
64752
64753
64754
64755
64756
64757
64758
64759
6476
64760
64761
64762
64763
64764
64765
64766
64767
64768
64769
6477
64770
64771
64772
64773
64774
64778
64779
6478
64780
64781
64782
64783
64784
64785
64786
64787
64788
64789
6479
64790
64791
64792
64793
64794
64795
64796
64797
64798
64799
6480
64800
64801
64802
64803
64804
64805
64806
64807
64808
64809
6481
64811
64814
64815
64816
64817
64818
64819
6482
64820
64822
64823
64824
64825
64826
64827
64828
64829
6483
64830
64831
64832
64833
64834
64835
64836
64837
64838
64839
6484
64840
64841
64842
64844
64845
64846
64847
64848
64849
6485
64850
64851
64852
64853
64854
64855
64856
64857
64858
64859
6486
64860
64861
64862
64863
64864
64865
64866
64867
64868
64869
6487
64871
64872
64873
64874
64875
64876
64877
64878
64879
6488
64880
64881
64882
64883
64884
64885
64886
64887
64888
64889
6489
64890
64891
64892
64893
64894
64895
64896
64897
64898
64899
649
6490
64900
64902
64903
64904
64905
64906
64907
64908
64909
6491
64910
64911
64913
64914
64915
64916
64917
64918
64919
6492
64920
64921
64922
64923
64924
64925
64926
64927
64928
64929
6493
64930
64931
64932
64933
64934
64935
64936
64937
64938
64939
6494
64940
64941
64942
64943
64944
64945
64946
64947
64948
64949
6495
64950
64951
64952
64953
64954
64955
64956
64957
64958
64959
6496
64960
64961
64962
64963
64964
64965
64966
64967
64968
64969
6497
64970
64971
64972
64973
64974
64975
64976
64977
64978
64979
6498
64980
64981
64982
64983
64984
64985
64986
64987
64988
64989
6499
64990
64991
64992
64993
64994
64995
64996
64997
64998
64999
65
650
6500
65000
65001
65002
65003
65004
65005
65006
65007
65008
65009
6501
65010
65011
65012
65013
65014
65015
65016
65017
65018
65019
6502
65020
65021
65022
65023
65024
65025
65026
65027
65028
65029
6503
65030
65031
65032
65033
65034
65035
65036
65037
65038
65039
6504
65040
65041
65042
65043
65044
65045
65049
6505
65050
65051
65052
65053
65054
65055
65056
65057
65058
65059
6506
65060
65062
65063
65064
65065
65066
65067
65068
65069
6507
65070
65071
65072
65073
65078
6508
65080
65081
65082
65083
65085
65086
65087
65088
65089
6509
65090
65091
65092
65093
65094
65095
65096
65097
65098
65099
651
6510
65100
65101
65102
65103
65104
65105
65107
65108
65109
6511
65110
65111
65112
65113
65114
65115
65116
65117
65118
65119
6512
65120
65121
65122
65123
65124
65125
65126
65128
65129
6513
65130
65131
65132
65133
65134
65135
65137
65138
65139
6514
65140
65141
65142
65143
65144
65145
65146
65147
65148
65149
6515
65150
65151
65152
65153
65154
65156
65157
65158
65159
6516
65160
65161
65162
65163
65164
65165
65166
65167
65168
65169
6517
65170
65171
65172
65173
65174
65176
65178
65179
6518
65180
65181
65182
65183
65184
65185
65186
65187
65188
65189
6519
65190
65191
65193
65194
65195
65196
65197
65198
65199
652
6520
65200
65201
65202
65203
65204
65205
65206
6521
65213
65214
65215
65216
65217
65218
65219
6522
65221
65222
65223
65224
65225
65227
65228
65229
6523
65230
65231
65233
65234
65235
65236
65237
65238
65239
6524
65240
65241
65242
65243
65244
65245
65246
65247
65248
65249
6525
65250
65251
65252
65253
65254
65255
65256
65258
65259
6526
65260
65262
65264
65265
65266
65267
65268
6527
65270
65272
65273
65274
65275
65276
65277
65278
65279
6528
65280
65281
65282
65283
65284
65285
65286
65287
65288
65289
6529
65290
65291
65292
65293
65294
65295
65298
65299
6530
65300
65301
65302
65303
65305
65306
65307
65308
65309
6531
65310
65311
65312
65313
65314
65315
65316
65317
65318
65319
6532
65320
65321
65322
65324
6533
65330
65331
65332
65333
65334
65335
65336
65337
65338
65339
6534
65340
65341
65342
65343
65344
65345
65346
65347
65348
65349
6535
65350
65351
65352
65353
65354
65355
65356
65357
65358
65359
6536
65360
65361
65362
65363
65364
65365
65366
65367
65368
65369
6537
65370
65371
65372
65373
65374
65375
65376
65377
65378
65379
6538
65380
65381
65382
65383
65384
65385
65386
65388
65389
6539
65390
65391
65392
65393
65394
65395
65396
65397
65398
65399
654
6540
65400
65402
65403
65404
65405
65409
6541
65410
65411
65412
65413
65414
65415
65416
65417
65418
65419
6542
65420
65421
65422
65423
65424
65425
65426
65427
65428
65429
6543
65430
65431
65433
65434
65435
65436
65437
65438
6544
65441
65442
65443
65444
65445
65446
65447
65448
6545
65450
65451
65452
65453
65454
65455
65456
65457
65458
65459
6546
65460
65461
65462
65463
65464
65465
65466
65467
65468
6547
65470
65471
65472
65473
65474
65475
65476
65477
65478
65479
6548
65481
65482
65483
65484
65485
65486
65487
65488
65489
6549
65490
65491
65492
65493
65494
65495
65496
65497
65498
65499
655
6550
65500
65501
65502
65503
65504
65505
65506
65507
65508
65509
6551
65510
65511
65512
65513
65514
65515
65516
65517
65518
65519
6552
65520
65521
65522
65523
65524
65525
65526
65527
65528
65529
6553
65530
65531
65532
65533
65534
65535
65536
65537
65538
65539
6554
65540
65541
65542
65544
65546
65547
65548
65549
6555
65550
65551
65552
65553
65554
65555
65556
65558
65559
6556
65560
65561
65562
65564
65565
65566
65567
65568
65569
6557
65570
65571
65572
65573
65574
65575
65576
65577
65578
65579
6558
65580
65581
65582
65584
65586
65587
65588
65589
